108  
17   

1    
  0.0071274887435109   0.0070137626131896   0.0000777059646927
   0.0043019800   -0.0262752400   -0.0185172600
   0.0190536700   -0.0006038800    0.0002800200
   0.0190506400   -0.0006000000    0.0002779000
   0.0180589200    0.0002005600    0.0000319400
   0.0183029200    0.0002588700   -0.0000622000
   0.0183047500    0.0002580400   -0.0000587700
   0.0180232300   -0.0002751900   -0.0000181900
   0.0183561000   -0.0002598100   -0.0000794600
   0.0183548900   -0.0002573100   -0.0000773100
   0.0179635200    0.0001645500   -0.0000277500
   0.0183533000    0.0001324100   -0.0000302700
   0.0183522600    0.0001315100   -0.0000301000
   0.0173941100    0.0003750600   -0.0005056200
   0.0184865300    0.0000678500    0.0000562500
   0.0190783200    0.0005827300   -0.0005273000
   0.0179274900    0.0004219700    0.0005890400
   0.0183382100    0.0000418400    0.0001026500
   0.0182312200   -0.0000415400   -0.0000064700
   0.0179330000    0.0004315500    0.0005848600
   0.0182297100   -0.0000382000   -0.0000061300
   0.0183382100    0.0000442100    0.0001018800
   0.0173930300    0.0003703400   -0.0005031100
   0.0190734100    0.0005890900   -0.0005369300
   0.0184821200    0.0000735800    0.0000502400
   0.0025252300   -0.0021642800    0.0030442500
   0.0011088800   -0.0022134900    0.0026403800
   0.0003194800   -0.0022583900    0.0033837500
   0.0018400300   -0.0024505500    0.0025499100
   0.0010289100   -0.0024061400    0.0026451900
   0.0012058900   -0.0023789500    0.0025804600
   0.0059385000    0.0036853100    0.0059777700
   0.0008130800   -0.0016042100    0.0027008100
  -0.0001037700   -0.0023814600    0.0020149600
   0.0024041100   -0.0034247100    0.0028472600
   0.0005148400   -0.0033150300    0.0026672700
   0.0008831100   -0.0022791900    0.0027074600
   0.0059258300    0.0085182900    0.0009867200
  -0.0000862600    0.0021800900   -0.0032439900
   0.0008074400    0.0029517800   -0.0025661400
   0.0024076800    0.0011451800   -0.0024252000
   0.0008808900    0.0022775100   -0.0025581700
   0.0005167500    0.0012423800   -0.0025985300
   0.0025181600    0.0023950400   -0.0022239400
   0.0003208000    0.0022924600   -0.0018929000
   0.0011202200    0.0023443600   -0.0026198800
   0.0018424200    0.0021060700   -0.0027234600
   0.0012110400    0.0021786900   -0.0026842300
   0.0010283600    0.0021497500   -0.0026193100
   0.0170325900    0.0059268000    0.0050004600
   0.0157003100    0.0040780100    0.0049960800
   0.0156299800    0.0033601100    0.0071742300
   0.0161990100    0.0030784800    0.0047356300
   0.0160525700    0.0036473100    0.0049245200
   0.0167328400    0.0031228800    0.0049298300
   0.0166518500    0.0043662900    0.0049086500
   0.0160838700    0.0040308300    0.0050765800
   0.0161508200    0.0038512000    0.0044866000
   0.0164033800    0.0032506100    0.0053977500
   0.0161284700    0.0036899700    0.0050503400
   0.0164517100    0.0037682600    0.0049034500
   0.0161571000   -0.0038773300   -0.0055431700
   0.0160861300   -0.0037011500   -0.0049504400
   0.0166501200   -0.0033622700   -0.0051218000
   0.0164538500   -0.0039654600   -0.0051280700
   0.0161310600   -0.0040407400   -0.0049769500
   0.0164088500   -0.0044870900   -0.0046312700
   0.0155360400   -0.0044090500   -0.0028155500
   0.0157033800   -0.0036525200   -0.0050375400
   0.0170747500   -0.0017941300   -0.0050081200
   0.0167267100   -0.0046056300   -0.0050977200
   0.0160518200   -0.0040844200   -0.0051076400
   0.0162006600   -0.0046438100   -0.0052931900
  -0.0153279000   -0.0037333100    0.0123591900
  -0.0207255000   -0.0060976500    0.0059565900
  -0.0231416300   -0.0101671100    0.0041440100
  -0.0220587100   -0.0056917000    0.0057449900
  -0.0209618500   -0.0055326000    0.0058268000
  -0.0216032300   -0.0044260000    0.0058261900
  -0.0219904600   -0.0063696000    0.0040606300
  -0.0209976500   -0.0059573100    0.0057790900
  -0.0218154600   -0.0061280400    0.0060826500
  -0.0216649900   -0.0054551600    0.0060173600
  -0.0213341800   -0.0056351300    0.0058906400
  -0.0215631400   -0.0056235200    0.0059924700
  -0.0218128700    0.0053923300   -0.0056308300
  -0.0209839700    0.0055642700   -0.0059434200
  -0.0220027700    0.0051462100   -0.0076698900
  -0.0215615300    0.0058968800   -0.0057265100
  -0.0213282800    0.0058851400   -0.0058332100
  -0.0216578400    0.0060647900   -0.0057063600
  -0.0231319500    0.0014254300   -0.0075339000
  -0.0207141400    0.0054188800   -0.0057673400
  -0.0152617100    0.0078555800    0.0007840700
  -0.0215918400    0.0070860200   -0.0058993300
  -0.0209608400    0.0059841400   -0.0058968600
  -0.0220577900    0.0058246300   -0.0059823900
  -0.0309749700    0.0084204800   -0.0001362700
  -0.0283654000   -0.0001258300   -0.0000602000
  -0.0276368400    0.0007965300    0.0007600100
  -0.0308651900    0.0086748200   -0.0001165700
  -0.0276450300    0.0007820200    0.0007485300
  -0.0283603700   -0.0001339700   -0.0000610800
  -0.0292661100    0.0001598200   -0.0000712000
  -0.0286278200    0.0000414100    0.0000161400
  -0.0284341600    0.0002619200   -0.0002262200
  -0.0292659800    0.0001573700   -0.0000702500
  -0.0284315500    0.0002624900   -0.0002248900
  -0.0286273400    0.0000451000    0.0000163500

1    
 -0.0071274887435109  -0.0070137626131896  -0.0000777059646927
   0.0321099800    0.0262626700    0.0185043000
   0.0173963900    0.0005993000   -0.0002755900
   0.0173932200    0.0006044400   -0.0002789500
   0.0183840600   -0.0002023900   -0.0000300300
   0.0181420500   -0.0002575100    0.0000599300
   0.0181443200   -0.0002591400    0.0000578400
   0.0184228500    0.0002758700    0.0000192200
   0.0180964400    0.0002583500    0.0000774300
   0.0180946900    0.0002614700    0.0000823700
   0.0184888800   -0.0001651900    0.0000266000
   0.0180938900   -0.0001326800    0.0000302900
   0.0180930800   -0.0001340100    0.0000305600
   0.0190710400   -0.0003743300    0.0005080600
   0.0179642800   -0.0000690400   -0.0000585200
   0.0173720800   -0.0005808200    0.0005302000
   0.0185226400   -0.0004216800   -0.0005871900
   0.0181163900   -0.0000418500   -0.0001024000
   0.0182282700    0.0000403000    0.0000063400
   0.0185224500   -0.0004327900   -0.0005863000
   0.0182274600    0.0000417100    0.0000057500
   0.0181171600   -0.0000428400   -0.0001044200
   0.0190591300   -0.0003686100    0.0005001100
   0.0173843900   -0.0005856200    0.0005380200
   0.0179769700   -0.0000766600   -0.0000473400
   0.0001668400   -0.0023918100    0.0022220500
   0.0015916000   -0.0023463700    0.0026267100
   0.0023930600   -0.0022891100    0.0018899500
   0.0008731500   -0.0021096900    0.0027207500
   0.0016852300   -0.0021530200    0.0026203000
   0.0015019800   -0.0021795200    0.0026825200
  -0.0032023500   -0.0084040900   -0.0008899700
   0.0019030400   -0.0029468300    0.0025628400
   0.0028131600   -0.0021763500    0.0032568100
   0.0003094200   -0.0011340300    0.0024209000
   0.0021892000   -0.0012450500    0.0025993700
   0.0018251500   -0.0022813500    0.0025532700
  -0.0032255700   -0.0037867400   -0.0060643500
   0.0028082400    0.0023816700   -0.0020240800
   0.0019042900    0.0016000500   -0.0026992500
   0.0003063300    0.0034168900   -0.0028381000
   0.0018331500    0.0022705400   -0.0027116700
   0.0022026700    0.0033221300   -0.0026648600
   0.0001895300    0.0021625500   -0.0030393400
   0.0023806100    0.0022705900   -0.0033721900
   0.0015917000    0.0022170500   -0.0026473300
   0.0008761700    0.0024443700   -0.0025526100
   0.0015092600    0.0023791700   -0.0025819700
   0.0016857000    0.0024068900   -0.0026473900
   0.0156162600    0.0018023900    0.0050240000
   0.0169469700    0.0036540000    0.0050337400
   0.0169295200    0.0043027600    0.0028887800
   0.0164521300    0.0046610400    0.0052972400
   0.0165943500    0.0040859600    0.0051049200
   0.0159152500    0.0046041200    0.0050896600
   0.0159911200    0.0033726800    0.0051208700
   0.0165611300    0.0037032800    0.0049488200
   0.0164932200    0.0038789200    0.0055343300
   0.0162418800    0.0044771600    0.0046252300
   0.0165183200    0.0040449300    0.0049756200
   0.0161973200    0.0039711300    0.0051307100
   0.0164925900   -0.0038623300   -0.0044892000
   0.0165640100   -0.0040340800   -0.0050744500
   0.0159981200   -0.0043660100   -0.0049015500
   0.0161974900   -0.0037659500   -0.0048915300
   0.0165235000   -0.0036909600   -0.0050463600
   0.0162440600   -0.0032510300   -0.0054058000
   0.0171876000   -0.0032474200   -0.0072313100
   0.0169368200   -0.0040833300   -0.0049926800
   0.0155698600   -0.0059448300   -0.0050250800
   0.0159227000   -0.0031334600   -0.0049364800
   0.0165969700   -0.0036465200   -0.0049232700
   0.0164461800   -0.0030856000   -0.0047251500
  -0.0276845400   -0.0077729700   -0.0005438400
  -0.0223292000   -0.0054247900    0.0057641700
  -0.0198503900   -0.0013553400    0.0075452600
  -0.0209887800   -0.0058275700    0.0059771700
  -0.0220860200   -0.0059875200    0.0058958600
  -0.0214559400   -0.0071032900    0.0058918100
  -0.0210470600   -0.0051577600    0.0076486500
  -0.0220543400   -0.0055690000    0.0059407900
  -0.0212360400   -0.0053945100    0.0056458100
  -0.0213815100   -0.0060692000    0.0057035600
  -0.0217174400   -0.0058893900    0.0058332200
  -0.0214821100   -0.0058982700    0.0057260200
  -0.0212187100    0.0061273000   -0.0060991000
  -0.0220522800    0.0059593600   -0.0057783400
  -0.0210337600    0.0063807600   -0.0040410900
  -0.0214819700    0.0056291500   -0.0059942900
  -0.0217098900    0.0056402200   -0.0058854800
  -0.0213725800    0.0054532400   -0.0060184600
  -0.0199691500    0.0100942700   -0.0041575700
  -0.0223227200    0.0061022600   -0.0059564700
  -0.0278204900    0.0036492000   -0.0126036900
  -0.0214470000    0.0044412700   -0.0058211800
  -0.0220760400    0.0055365200   -0.0058222800
  -0.0209867600    0.0056962500   -0.0057406300
  -0.0265164400   -0.0084982900    0.0001213200
  -0.0291699000    0.0001283400    0.0000637300
  -0.0298974500   -0.0007986100   -0.0007572200
  -0.0267067200   -0.0085900900    0.0001322000
  -0.0298839400   -0.0007780300   -0.0007474000
  -0.0291626700    0.0001289500    0.0000556700
  -0.0282607200   -0.0001575100    0.0000693700
  -0.0289013100   -0.0000397600   -0.0000164100
  -0.0291008800   -0.0002647500    0.0002294900
  -0.0282654800   -0.0001615000    0.0000747000
  -0.0290976600   -0.0002599800    0.0002210500
  -0.0289031900   -0.0000427300   -0.0000161100

1    
  0.0000000000000000  -0.0002620472546777   0.0099965659721884
   0.0182194900   -0.0250623400   -0.0316708300
   0.0182242400    0.0004250400   -0.0008521900
   0.0182231400    0.0004248200   -0.0008535800
   0.0182215300    0.0000425700   -0.0002862200
   0.0182223000   -0.0000866400   -0.0003023800
   0.0182250800   -0.0000907400   -0.0003013100
   0.0182231400   -0.0000264400    0.0004943600
   0.0182266300   -0.0001087400    0.0002598400
   0.0182247600   -0.0001061500    0.0002624400
   0.0182266800   -0.0000437000    0.0001534600
   0.0182233000   -0.0000466900    0.0001106800
   0.0182228200   -0.0000472300    0.0001109100
   0.0182338500   -0.0005520400    0.0005080600
   0.0185761900   -0.0002681600    0.0004582900
   0.0178686000   -0.0002637600    0.0004591300
   0.0182338800    0.0008323500    0.0006413100
   0.0182885200    0.0000581800    0.0000039000
   0.0181716600    0.0000568200    0.0000036900
   0.0182193800    0.0008262300    0.0006414900
   0.0181668400    0.0000604800    0.0000039000
   0.0182873700    0.0000588700    0.0000023300
   0.0182254100   -0.0005492400    0.0005073200
   0.0178767000   -0.0002663500    0.0004585000
   0.0185877300   -0.0002674000    0.0004569500
   0.0013449900   -0.0019314000    0.0017257900
   0.0011935600   -0.0021595500    0.0020300400
   0.0015119200   -0.0021535400    0.0020310800
   0.0013566600   -0.0024273800    0.0024088300
   0.0012509400   -0.0023420000    0.0025198300
   0.0014619000   -0.0023433700    0.0025190200
   0.0013785300    0.0011169400    0.0125408100
   0.0022337900   -0.0029925300    0.0032670100
   0.0004657100   -0.0030099900    0.0032703500
   0.0013622700   -0.0018128600    0.0030530000
   0.0018555000   -0.0016337500    0.0027607900
   0.0008428200   -0.0016249800    0.0027571300
   0.0013431100    0.0061294200    0.0076882800
   0.0004855400    0.0015636100   -0.0020033600
   0.0022466200    0.0015441100   -0.0020034400
   0.0013525300    0.0027414700   -0.0022161300
   0.0008535900    0.0029240700   -0.0025099000
   0.0018730000    0.0029413900   -0.0025073100
   0.0013554400    0.0026223700   -0.0035395600
   0.0015114600    0.0024024300   -0.0032393600
   0.0011980000    0.0024011700   -0.0032436600
   0.0013603000    0.0021290300   -0.0028652900
   0.0014680100    0.0022167800   -0.0027465400
   0.0012493400    0.0022150900   -0.0027465000
   0.0152641400    0.0055018300    0.0064705200
   0.0163264700    0.0037248100    0.0051515700
   0.0173035800    0.0054785300    0.0065678000
   0.0159658500    0.0034480400    0.0054013700
   0.0163240700    0.0039791500    0.0052792500
   0.0166820800    0.0034450300    0.0053976700
   0.0166786600    0.0036149500    0.0040487900
   0.0163222000    0.0038179300    0.0048306400
   0.0159570700    0.0036018800    0.0040361700
   0.0163317600    0.0040135400    0.0045868900
   0.0163238200    0.0039165900    0.0048070500
   0.0163159100    0.0040196000    0.0045887900
   0.0159650000   -0.0041252700   -0.0059827500
   0.0163264100   -0.0039177400   -0.0051938300
   0.0166932300   -0.0041280500   -0.0059869200
   0.0163174000   -0.0037180700   -0.0054321900
   0.0163277300   -0.0038176600   -0.0052169000
   0.0163356300   -0.0037209500   -0.0054443500
   0.0173997400   -0.0022203200   -0.0035837300
   0.0163181200   -0.0040083900   -0.0048761700
   0.0153225600   -0.0022530900   -0.0034982800
   0.0166861200   -0.0042915800   -0.0046301400
   0.0163245500   -0.0037536700   -0.0047488400
   0.0159653600   -0.0042835100   -0.0046197100
  -0.0135521800   -0.0023495800    0.0092331900
  -0.0215326900   -0.0056228900    0.0058465700
  -0.0296969100   -0.0021870300    0.0094152400
  -0.0216629000   -0.0063305200    0.0059402700
  -0.0215281400   -0.0059380400    0.0059606300
  -0.0213892000   -0.0063465000    0.0059388900
  -0.0217540400   -0.0060394600    0.0070213800
  -0.0215278600   -0.0057605700    0.0060639800
  -0.0212915700   -0.0060453300    0.0070328500
  -0.0215948100   -0.0057122400    0.0059781000
  -0.0215271200   -0.0057790300    0.0058662300
  -0.0214545000   -0.0057113700    0.0059762300
  -0.0212775600    0.0054826500   -0.0046977400
  -0.0215189300    0.0057669000   -0.0056545400
  -0.0217593100    0.0054773400   -0.0046875600
  -0.0214536400    0.0058158900   -0.0057412800
  -0.0215197700    0.0057487800   -0.0058527800
  -0.0215842800    0.0058116400   -0.0057438600
  -0.0294434300    0.0091360100   -0.0025022700
  -0.0215153500    0.0059010800   -0.0058750000
  -0.0134108600    0.0092960900   -0.0023225900
  -0.0213848700    0.0051935600   -0.0057809300
  -0.0215160800    0.0055846500   -0.0057595300
  -0.0216645100    0.0051812100   -0.0057810900
  -0.0287864700    0.0013576800   -0.0046781100
  -0.0282010100   -0.0003336600   -0.0014106200
  -0.0293356100   -0.0003403500   -0.0014368000
  -0.0287475800    0.0013014800   -0.0046769200
  -0.0293302500   -0.0003309400   -0.0014069600
  -0.0281964700   -0.0003399400   -0.0014361600
  -0.0287652900   -0.0000401500    0.0006978000
  -0.0289116900    0.0000874400    0.0003982100
  -0.0286182700    0.0000882300    0.0004016300
  -0.0287646600   -0.0000424000    0.0007016100
  -0.0286189000    0.0000884700    0.0003972300
  -0.0289155500    0.0000910500    0.0004010600

25   
  0.0000000000000000   0.0099993863275691   0.0001107838978550
   0.0182226700    0.0001641200    0.0003397200
   0.0181949200    0.0000602300    0.0001161500
   0.0182579200    0.0000584300    0.0001149900
   0.0182214100   -0.0002388500   -0.0001546500
   0.0182424000   -0.0001575000   -0.0000673600
   0.0182069800   -0.0001564100   -0.0000651700
   0.0181447000    0.0089156100    0.0042293500
   0.0176712000    0.0004063900   -0.0007179900
   0.0187751000    0.0004050500   -0.0007024900
   0.0182197400   -0.0016350200    0.0004273400
   0.0189539900   -0.0007399600    0.0006398800
   0.0174950800   -0.0007346900    0.0006290200
   0.0182907600    0.0097733000    0.0047676500
   0.0187053100    0.0006465400   -0.0003942600
   0.0177562200    0.0006451000   -0.0003838000
   0.0182252400   -0.0009226700    0.0005552800
   0.0177132400   -0.0006186500    0.0005255000
   0.0187459000   -0.0006130000    0.0005151000
   0.0182227600    0.0004007800    0.0003361900
   0.0182194300    0.0001065100    0.0001057900
   0.0182371100    0.0001068300    0.0001059900
   0.0182294300   -0.0002206000   -0.0001195600
   0.0182751600   -0.0001088900   -0.0000218400
   0.0181837300   -0.0001095500   -0.0000233100
   0.0016807500   -0.0861858100    0.0190816200
   0.0018258600   -0.0043567300    0.0027652500
   0.0008592100   -0.0043522600    0.0027710600
   0.0013507700    0.0000686900    0.0025446700
   0.0011325900    0.0001078700    0.0023989200
   0.0015443500    0.0001088500    0.0023986700
   0.0013556900   -0.0023719100    0.0024876400
   0.0013451800   -0.0023385600    0.0023364500
   0.0013368700   -0.0023416600    0.0023362800
   0.0013487600   -0.0021069600    0.0026140800
   0.0013235200   -0.0021606000    0.0026311600
   0.0013623500   -0.0021627000    0.0026295000
   0.0013555700    0.0031554000   -0.0038987200
   0.0018674200    0.0024704000   -0.0032428700
   0.0008285700    0.0024664000   -0.0032449600
   0.0013409100    0.0025802600   -0.0007780600
   0.0006786400    0.0019650400   -0.0019351700
   0.0020123000    0.0019693800   -0.0019335300
   0.0013587900    0.0032204500   -0.0007445700
   0.0015745200    0.0020492600   -0.0019283100
   0.0011108800    0.0020480600   -0.0019263700
   0.0013495300    0.0034053500   -0.0054282900
   0.0007712700    0.0022642100   -0.0032663900
   0.0019215600    0.0022634400   -0.0032659700
   0.0166311600    0.0021135800    0.0042578300
   0.0163192800    0.0035281100    0.0049447600
   0.0160003500    0.0021122100    0.0042377600
   0.0163533300    0.0048227800    0.0050594700
   0.0163213700    0.0042052300    0.0050174300
   0.0162977000    0.0048158300    0.0050512900
   0.0155548500    0.0013890200    0.0047038100
   0.0163221300    0.0034888500    0.0050326000
   0.0170999400    0.0013837700    0.0047208900
   0.0162361300    0.0049842500    0.0050358600
   0.0163214400    0.0042964900    0.0051153800
   0.0164100100    0.0049861700    0.0050454300
   0.0207561100    0.0031688400   -0.0044723300
   0.0163229100   -0.0038626200   -0.0050507100
   0.0119110500    0.0031791000   -0.0044436200
   0.0101739800    0.0041970800   -0.0042140900
   0.0163236700   -0.0040101500   -0.0049426500
   0.0224586800    0.0041763800   -0.0042126900
   0.0163916700   -0.0038737000   -0.0051130200
   0.0163203300   -0.0038535500   -0.0050632600
   0.0162550600   -0.0038737300   -0.0051149500
   0.0161865400   -0.0040139700   -0.0052235300
   0.0163210900   -0.0038828200   -0.0050469200
   0.0164601300   -0.0040134100   -0.0052202800
  -0.0222384000   -0.0059956300    0.0075023700
  -0.0215156700   -0.0056801000    0.0060800200
  -0.0207982000   -0.0060080400    0.0074960000
  -0.0209488500   -0.0060264800    0.0042290600
  -0.0215115700   -0.0058857200    0.0056692300
  -0.0220903600   -0.0060239500    0.0042256700
  -0.0221263300   -0.0053172500    0.0049017000
  -0.0215142600   -0.0055375700    0.0057256600
  -0.0209004700   -0.0053201600    0.0048986700
  -0.0202732600   -0.0062037800    0.0069097600
  -0.0215145200   -0.0060258600    0.0060478800
  -0.0227667300   -0.0062108600    0.0069138000
  -0.0152201500    0.0140114200   -0.0069855700
  -0.0215066500    0.0060639400   -0.0057932500
  -0.0279003900    0.0139920800   -0.0070291600
  -0.0218723800    0.0023221500   -0.0061618500
  -0.0215086000    0.0053402200   -0.0058214300
  -0.0211364800    0.0023184200   -0.0061610600
  -0.0214966900    0.0057003300   -0.0055699000
  -0.0215070300    0.0058420700   -0.0057816700
  -0.0215356100    0.0057009700   -0.0055737100
  -0.0215037700    0.0056350600   -0.0058113000
  -0.0215099800    0.0056510500   -0.0058971300
  -0.0215216800    0.0056353900   -0.0058124700
  -0.0287668200    0.0008139800   -0.0001619600
  -0.0288895200    0.0005754700   -0.0000044200
  -0.0286289400    0.0005821200   -0.0000040300
  -0.0287690500   -0.0006309000    0.0004111000
  -0.0287259900   -0.0003536100    0.0001541100
  -0.0287971100   -0.0003555900    0.0001544000
  -0.0289783000    0.0308517300   -0.0224018800
  -0.0279653700    0.0012812200    0.0003063900
  -0.0295688200    0.0012883100    0.0003152000
  -0.0287644200   -0.0021452600   -0.0009891800
  -0.0298399200   -0.0012679300   -0.0011144400
  -0.0276829000   -0.0012799400   -0.0011306400

25   
  0.0000000000000000  -0.0099993863275691  -0.0001107838978550
   0.0182267500   -0.0001610000   -0.0003375300
   0.0182563600   -0.0000562700   -0.0001143700
   0.0181861900   -0.0000542700   -0.0001155500
   0.0182226600    0.0002388900    0.0001566100
   0.0182039200    0.0001568600    0.0000656700
   0.0182425800    0.0001553800    0.0000653800
   0.0182970200   -0.0085371000   -0.0037158700
   0.0187861800   -0.0004024800    0.0007204500
   0.0176697500   -0.0003988900    0.0007086300
   0.0182331600    0.0016471300   -0.0004300700
   0.0174893500    0.0007410500   -0.0006451500
   0.0189544700    0.0007344000   -0.0006335900
   0.0181654100   -0.0101741400   -0.0052721600
   0.0177466700   -0.0006531100    0.0003985700
   0.0186997700   -0.0006458800    0.0003907300
   0.0182285400    0.0009232700   -0.0005537700
   0.0187412100    0.0006197200   -0.0005203100
   0.0177160200    0.0006120900   -0.0005103200
   0.0182304500   -0.0004096900   -0.0003393300
   0.0182401900   -0.0001083100   -0.0001062900
   0.0182162800   -0.0001105700   -0.0001082800
   0.0182285200    0.0002227600    0.0001180800
   0.0181807200    0.0001107600    0.0000207600
   0.0182722400    0.0001098400    0.0000213000
   0.0009859400    0.0830690300   -0.0153632600
   0.0008502400   -0.0001952800    0.0025069900
   0.0018520800   -0.0001903700    0.0025122500
   0.0013507400   -0.0046366200    0.0027251200
   0.0015816200   -0.0046684400    0.0028674800
   0.0011422400   -0.0046685700    0.0028662100
   0.0013541900   -0.0021862800    0.0027795500
   0.0013514300   -0.0022137800    0.0029339700
   0.0013681600   -0.0022167600    0.0029347100
   0.0013521200   -0.0024482600    0.0026560900
   0.0013702900   -0.0024000800    0.0026367200
   0.0013405300   -0.0024018500    0.0026341400
   0.0013462900    0.0014091600   -0.0013733500
   0.0008433100    0.0020880100   -0.0020239300
   0.0018748900    0.0020832100   -0.0020265200
   0.0013638500    0.0019806800   -0.0044978200
   0.0020240100    0.0025930800   -0.0033407800
   0.0006936700    0.0025985900   -0.0033372100
   0.0013339100    0.0013401100   -0.0045114600
   0.0011231400    0.0025086400   -0.0033385100
   0.0015939000    0.0025075600   -0.0033364500
   0.0013577200    0.0011427700    0.0001790800
   0.0019412600    0.0022962100   -0.0019961200
   0.0007771200    0.0022954600   -0.0019964600
   0.0159878400    0.0056178400    0.0058017600
   0.0163249000    0.0042041000    0.0050817500
   0.0166689600    0.0056300000    0.0058308300
   0.0162960300    0.0029171700    0.0049685400
   0.0163249400    0.0035298400    0.0050082700
   0.0163495500    0.0029109000    0.0049633500
   0.0170674400    0.0063562200    0.0052937500
   0.0163223100    0.0042468000    0.0049945600
   0.0155622800    0.0063529900    0.0052678400
   0.0164091800    0.0027444800    0.0049885500
   0.0163249200    0.0034394400    0.0049122300
   0.0162367300    0.0027497100    0.0049917300
   0.0119479600   -0.0108699200   -0.0055585000
   0.0163261300   -0.0038804400   -0.0049746800
   0.0206816300   -0.0108688000   -0.0055790400
   0.0225509400   -0.0120027700   -0.0058121700
   0.0163278300   -0.0037171500   -0.0050809500
   0.0101171700   -0.0119918500   -0.0058277400
   0.0162545400   -0.0038619600   -0.0049063200
   0.0163229500   -0.0038856100   -0.0049644800
   0.0163904300   -0.0038718100   -0.0049145100
   0.0164617300   -0.0037177200   -0.0048066100
   0.0163259500   -0.0038477400   -0.0049812100
   0.0161851100   -0.0037105000   -0.0047966500
  -0.0208073100   -0.0055237800    0.0042210000
  -0.0215291800   -0.0058426000    0.0056402900
  -0.0222322400   -0.0055133600    0.0042279100
  -0.0220931600   -0.0055009500    0.0075065900
  -0.0215257500   -0.0056366900    0.0060556800
  -0.0209564500   -0.0055090600    0.0075067200
  -0.0209049900   -0.0062032800    0.0068131600
  -0.0215307400   -0.0059875800    0.0059906500
  -0.0221349700   -0.0062008300    0.0068167200
  -0.0227777800   -0.0053217600    0.0048036900
  -0.0215267900   -0.0054992800    0.0056730200
  -0.0202570300   -0.0053124800    0.0047970400
  -0.0279108000   -0.0026122800   -0.0047075000
  -0.0215200700    0.0054622800   -0.0059278900
  -0.0150262900   -0.0025926500   -0.0046630300
  -0.0211555100    0.0092132700   -0.0055522500
  -0.0215218200    0.0061860500   -0.0058930100
  -0.0218943000    0.0092112300   -0.0055569000
  -0.0215465400    0.0058271300   -0.0061511200
  -0.0215215800    0.0056809600   -0.0059427300
  -0.0214965200    0.0058259600   -0.0061472400
  -0.0215274400    0.0058890800   -0.0059092600
  -0.0215207300    0.0058711200   -0.0058214900
  -0.0215137100    0.0058897300   -0.0059091400
  -0.0287620300   -0.0008256500    0.0001605100
  -0.0286335800   -0.0005855900    0.0000014900
  -0.0289045200   -0.0005918500    0.0000045100
  -0.0287610500    0.0006355300   -0.0004103800
  -0.0288032100    0.0003567100   -0.0001514800
  -0.0287278200    0.0003549500   -0.0001530300
  -0.0285322200   -0.0319645200    0.0238322000
  -0.0295628000   -0.0012931200   -0.0003077600
  -0.0279601200   -0.0013019700   -0.0003164600
  -0.0287628500    0.0021371100    0.0009909000
  -0.0276913300    0.0012723100    0.0011032900
  -0.0298412800    0.0012860100    0.0011209400

25   
  0.0100000000000000   0.0000000000000000   0.0000000000000000
   0.0198696500    0.0000083000   -0.0000043400
   0.0173365200   -0.0005716900    0.0001469900
   0.0173360600    0.0005611600   -0.0001430400
   0.0189045400   -0.0000006300   -0.0000005900
   0.0178906700    0.0001256000    0.0001076100
   0.0178921200   -0.0001263700   -0.0001090300
   0.0246370000   -0.0000002600    0.0000037500
   0.0168185600   -0.0006379500   -0.0009104600
   0.0168308600    0.0006264700    0.0008844300
   0.0197029700   -0.0000084200    0.0000054700
   0.0173045300    0.0002690800   -0.0005051200
   0.0173016900   -0.0002661200    0.0004982100
   0.0246214900   -0.0000018500    0.0000010500
   0.0168058700    0.0008930800    0.0006755800
   0.0168191200   -0.0008653400   -0.0006599900
   0.0198755500    0.0000068100   -0.0000083100
   0.0173422300   -0.0001647500    0.0005681400
   0.0173428600    0.0001618200   -0.0005574600
   0.0197024100   -0.0000070100    0.0000071900
   0.0173098800    0.0005155700   -0.0002511300
   0.0173068500   -0.0005061300    0.0002460700
   0.0189124900    0.0000019300    0.0000012800
   0.0178953700   -0.0001031500   -0.0001292200
   0.0178948400    0.0001037600    0.0001298700
  -0.1448267700   -0.0028636900    0.0031978500
   0.0120112800   -0.0027930100    0.0031475400
   0.0119314800   -0.0017860400    0.0021470700
  -0.0030716900   -0.0022705200    0.0026289000
   0.0038063600   -0.0020761500    0.0026456800
   0.0038035900   -0.0024934200    0.0026275200
  -0.0030700600   -0.0022733200    0.0026238600
   0.0037998800   -0.0022842000    0.0024302400
   0.0037960500   -0.0022823900    0.0028462600
  -0.0002277900   -0.0022752100    0.0026329400
   0.0021125300   -0.0022617300    0.0026148400
   0.0021168400   -0.0023046800    0.0026524700
  -0.0030220100    0.0022761400   -0.0026271800
   0.0022102000    0.0028064400   -0.0031312500
   0.0022040900    0.0017590500   -0.0021398700
  -0.0014351700    0.0022878400   -0.0026072800
   0.0030827700    0.0016117500   -0.0028898700
   0.0030928600    0.0029486200   -0.0023811600
  -0.0014422200    0.0022539600   -0.0026420600
   0.0030798900    0.0025121700   -0.0019594800
   0.0030894100    0.0020546400   -0.0033082300
  -0.0019501900    0.0022882000   -0.0026487600
   0.0028029000    0.0016987200   -0.0020735100
   0.0028082900    0.0028629800   -0.0031972900
   0.0183250300    0.0033482200   -0.0031818800
   0.0179015000    0.0038663600    0.0050080900
   0.0183511400    0.0043951100    0.0131936600
   0.0159915200    0.0037960700    0.0042916300
   0.0169316500    0.0038691100    0.0050138500
   0.0159920600    0.0039410000    0.0057312700
   0.0185232100    0.0032117700    0.0128382000
   0.0179208300    0.0038681400    0.0050156100
   0.0185128400    0.0045302100   -0.0027692900
   0.0159550200    0.0038020400    0.0056722800
   0.0170545400    0.0038686400    0.0050120000
   0.0159522600    0.0039322700    0.0043545700
   0.0183368600    0.0042983900   -0.0041940600
   0.0179046400   -0.0038632800   -0.0050111500
   0.0183633300   -0.0120203500   -0.0058392800
   0.0185308600   -0.0117157100   -0.0046392600
   0.0179246100   -0.0038708100   -0.0050112700
   0.0185203000    0.0039349300   -0.0053958400
   0.0159885900   -0.0031439700   -0.0049103700
   0.0169293300   -0.0038688500   -0.0050148300
   0.0159907000   -0.0045906600   -0.0051167200
   0.0159568500   -0.0045324800   -0.0049775000
   0.0170547200   -0.0038669900   -0.0050141500
   0.0159522300   -0.0032030000   -0.0050454400
  -0.0192317800   -0.0077500300    0.0077798600
  -0.0224931800   -0.0057630200    0.0058615000
  -0.0192354700   -0.0037938700    0.0039588900
  -0.0209280700   -0.0049250300    0.0069895100
  -0.0230451400   -0.0057591600    0.0058623700
  -0.0209385200   -0.0065965100    0.0047292800
  -0.0209201900   -0.0068579400    0.0049855500
  -0.0230482100   -0.0057636300    0.0058590000
  -0.0209323300   -0.0046635400    0.0067308700
  -0.0209796900   -0.0051527400    0.0052714000
  -0.0229058500   -0.0057619700    0.0058613700
  -0.0209724700   -0.0063649600    0.0064424100
   0.0283698200    0.0157147100   -0.0154537900
  -0.0279976300    0.0057595500   -0.0058597900
   0.0250413800   -0.0033594200    0.0029224300
  -0.0201659300    0.0064813800   -0.0052944200
  -0.0234361900    0.0057624900   -0.0058587800
  -0.0201443200    0.0050290100   -0.0064255500
  -0.0201673800    0.0052227000   -0.0065985200
  -0.0234314600    0.0057597700   -0.0058622800
  -0.0201471000    0.0062969100   -0.0051113500
  -0.0212376100    0.0059281100   -0.0060202700
  -0.0220748800    0.0057608500   -0.0058588500
  -0.0212401200    0.0055964500   -0.0056999400
  -0.0255992600    0.0000212100    0.0000045500
  -0.0306968800    0.0009360400    0.0006716800
  -0.0307045100   -0.0009483600   -0.0006876400
  -0.0274065800   -0.0000031700    0.0000035700
  -0.0293677300   -0.0001463700    0.0001427600
  -0.0293653400    0.0001437300   -0.0001402800
  -0.0209217700   -0.0002167000    0.0002087600
  -0.0309476900    0.0018279300   -0.0017591100
  -0.0309605500   -0.0018234300    0.0017555200
  -0.0255907900   -0.0000045700   -0.0000196100
  -0.0306943600   -0.0006331900   -0.0009637900
  -0.0307034900    0.0006505600    0.0009764100

25   
 -0.0100000000000000   0.0000000000000000   0.0000000000000000
   0.0165796600   -0.0000125600    0.0000066100
   0.0191119400    0.0005703400   -0.0001426300
   0.0191109200   -0.0005615500    0.0001447300
   0.0175389100    0.0000003400    0.0000005800
   0.0185556400   -0.0001258000   -0.0001100800
   0.0185568700    0.0001254400    0.0001082800
   0.0118098300    0.0000066300   -0.0000282400
   0.0196306300    0.0006304000    0.0008927300
   0.0196233600   -0.0006312900   -0.0008968700
   0.0167504100   -0.0000035100   -0.0000095200
   0.0191459500   -0.0002731800    0.0005069700
   0.0191409700    0.0002604400   -0.0004962300
   0.0118399000    0.0000302600   -0.0000044000
   0.0196453600   -0.0008809900   -0.0006675100
   0.0196377700    0.0008852300    0.0006712800
   0.0165781800   -0.0000052000    0.0000116200
   0.0191155200    0.0001641500   -0.0005671300
   0.0191160200   -0.0001649100    0.0005583400
   0.0167505200    0.0000078800    0.0000026700
   0.0191509600   -0.0005135900    0.0002546300
   0.0191458100    0.0005052300   -0.0002452200
   0.0175457300    0.0000007600    0.0000005000
   0.0185616000    0.0001048100    0.0001302200
   0.0185605000   -0.0001041400   -0.0001301100
   0.1474860200   -0.0035665700    0.0038752100
  -0.0092307900   -0.0017891000    0.0021371000
  -0.0093150100   -0.0027842600    0.0031506500
   0.0057826000   -0.0022810100    0.0026408000
  -0.0010934600   -0.0024782200    0.0026193500
  -0.0010964900   -0.0020606900    0.0026365300
   0.0057915900   -0.0022852800    0.0026339400
  -0.0010857900   -0.0022691900    0.0028318900
  -0.0010903000   -0.0022776300    0.0024160200
   0.0029373200   -0.0022790700    0.0026377700
   0.0005895000   -0.0022990000    0.0026524000
   0.0005941500   -0.0022609500    0.0026091300
   0.0057317800    0.0022935700   -0.0026447300
   0.0005109300    0.0017629400   -0.0021364600
   0.0005076400    0.0027995500   -0.0031333000
   0.0041514000    0.0022749200   -0.0026406600
  -0.0003790200    0.0029393500   -0.0023779000
  -0.0003681200    0.0016131300   -0.0028812300
   0.0041428900    0.0022865600   -0.0026278500
  -0.0003799300    0.0020489700   -0.0033073700
  -0.0003702800    0.0025045300   -0.0019542400
   0.0046692800    0.0022910600   -0.0026531800
  -0.0000919300    0.0028602400   -0.0031944200
  -0.0000867700    0.0016951300   -0.0020713600
   0.0142978100    0.0043763400    0.0131824600
   0.0147434200    0.0038634200    0.0050097400
   0.0143149500    0.0033404300   -0.0031847600
   0.0166598700    0.0039473600    0.0057391400
   0.0157164400    0.0038678300    0.0050121800
   0.0166574000    0.0037881200    0.0042852400
   0.0140903000    0.0045166200   -0.0027809100
   0.0147246100    0.0038655000    0.0050168400
   0.0141603400    0.0031884600    0.0128168600
   0.0166889800    0.0039334900    0.0043505500
   0.0155935300    0.0038683100    0.0050133400
   0.0166988700    0.0038113500    0.0056819500
   0.0142904000   -0.0120186500   -0.0058309100
   0.0147466500   -0.0038637000   -0.0050091900
   0.0143091300    0.0043130600   -0.0041770300
   0.0140929100    0.0039570700   -0.0053705400
   0.0147299800   -0.0038714100   -0.0050095600
   0.0141628700   -0.0117038900   -0.0046287000
   0.0166579100   -0.0045851900   -0.0051116800
   0.0157147600   -0.0038662400   -0.0050148500
   0.0166574300   -0.0031490300   -0.0049160600
   0.0166908500   -0.0032084500   -0.0050586600
   0.0155939800   -0.0038670900   -0.0050149800
   0.0166982600   -0.0045299400   -0.0049769400
  -0.0238267600   -0.0038041600    0.0039652200
  -0.0205626100   -0.0057664800    0.0058615100
  -0.0237975200   -0.0077620800    0.0077868800
  -0.0221172500   -0.0065976800    0.0047259100
  -0.0200003400   -0.0057606600    0.0058612300
  -0.0221281800   -0.0049317700    0.0069825100
  -0.0221080500   -0.0046603400    0.0067330300
  -0.0200070400   -0.0057652000    0.0058585500
  -0.0221212600   -0.0068547700    0.0049882600
  -0.0220534600   -0.0063809400    0.0064561000
  -0.0201460000   -0.0057636100    0.0058614200
  -0.0220900300   -0.0051650400    0.0052834900
  -0.0677253800   -0.0032799700    0.0028538800
  -0.0150314000    0.0057576400   -0.0058536600
  -0.0717651100    0.0157984300   -0.0155284200
  -0.0228818900    0.0050360800   -0.0064212000
  -0.0196005200    0.0057625900   -0.0058569600
  -0.0228805200    0.0064819200   -0.0052940500
  -0.0228893300    0.0062968400   -0.0051139000
  -0.0196027600    0.0057603700   -0.0058603700
  -0.0228902800    0.0052215900   -0.0066007200
  -0.0218001600    0.0055964200   -0.0056983000
  -0.0209622300    0.0057619000   -0.0058584800
  -0.0218032200    0.0059283300   -0.0060197200
  -0.0319324400   -0.0000081300   -0.0000012000
  -0.0268315000   -0.0009315400   -0.0006733800
  -0.0268283900    0.0009533600    0.0006898500
  -0.0301266500    0.0000054400   -0.0000047100
  -0.0281626300    0.0001463400   -0.0001400200
  -0.0281640200   -0.0001483500    0.0001417300
  -0.0366094100    0.0003205800   -0.0003085300
  -0.0265748400   -0.0018059500    0.0017392600
  -0.0265796000    0.0018441200   -0.0017752600
  -0.0319387100    0.0000002200    0.0000100700
  -0.0268321500    0.0006343300    0.0009579300
  -0.0268302000   -0.0006477700   -0.0009807400

49   
  0.0000000000000000   0.0099993863275691   0.0001107838978550
   0.0200421300    0.0010800300    0.0016769800
   0.0164769000    0.0011683200    0.0016512300
   0.0182227700    0.0003098400   -0.0001307600
   0.0181811400   -0.0010924000   -0.0004457400
   0.0182545400   -0.0010870300   -0.0004434400
   0.0182258800   -0.0003161100    0.0001084000
   0.0185834800    0.0003527400   -0.0002544900
   0.0178607900    0.0003513500   -0.0002645300
   0.0182244500    0.0002397000   -0.0000428000
   0.0178746700   -0.0005101500    0.0001278200
   0.0185797800   -0.0005143900    0.0001305600
   0.0182224800   -0.0002520200    0.0000396400
   0.0166084800    0.0013596200    0.0015878400
   0.0197847000    0.0014485500    0.0015564200
   0.0182269700    0.0001411300   -0.0000283100
   0.0185130200   -0.0009575900   -0.0004851400
   0.0179431500   -0.0009661900   -0.0004858200
   0.0182290800   -0.0001834700    0.0000805000
   0.0180861200    0.0003948000   -0.0002169100
   0.0183678500    0.0004008800   -0.0002177000
   0.0182268900    0.0002643300   -0.0001168600
   0.0185921900   -0.0004282700    0.0001940200
   0.0178629000   -0.0004332900    0.0001980500
   0.0182275500   -0.0002082100    0.0000516100
   0.0007661700   -0.0040433900    0.0029289700
   0.0019484500   -0.0040522000    0.0029519700
   0.0013551400   -0.0026094600    0.0025914000
   0.0012673700   -0.0013225100    0.0025601500
   0.0014466000   -0.0013234700    0.0025594400
   0.0013546500   -0.0019397600    0.0025945700
   0.0007984100   -0.0047708700    0.0031795600
   0.0019376400   -0.0047693600    0.0031875200
   0.0013542500   -0.0026566100    0.0027038000
   0.0012907300   -0.0011548000    0.0024593000
   0.0014102300   -0.0011585300    0.0024548400
   0.0013556800   -0.0018514100    0.0026112100
  -0.0068504500    0.0093415400   -0.0031790700
   0.0095779100    0.0093482000   -0.0032010300
   0.0013564100    0.0022811700   -0.0026988400
   0.0091371800    0.0103437700   -0.0026623000
  -0.0064051900    0.0103243400   -0.0026448100
   0.0013596500    0.0021387600   -0.0026095900
   0.0006272000    0.0022695500   -0.0026125100
   0.0020773100    0.0022766700   -0.0026171600
   0.0013592300    0.0022922700   -0.0026401700
   0.0020150400    0.0021237800   -0.0026497900
   0.0007012800    0.0021244300   -0.0026415000
   0.0013561100    0.0022559400   -0.0025458500
   0.0158027200   -0.0482376800   -0.0067929500
   0.0161192700    0.0021191400    0.0047844700
   0.0165172900    0.0021235300    0.0047860800
   0.0163295000    0.0071097100    0.0050084300
   0.0164362300    0.0054175300    0.0050935400
   0.0162143700    0.0054134100    0.0050889300
   0.0163177000    0.0028486100    0.0048859000
   0.0163488200    0.0034444700    0.0050431000
   0.0162967400    0.0034411900    0.0050404800
   0.0163258000    0.0054138300    0.0050985300
   0.0163806300    0.0043280900    0.0050775900
   0.0162676500    0.0043298100    0.0050822400
   0.0163133000   -0.0012877100   -0.0027769900
   0.0166820900   -0.0039243400   -0.0047268300
   0.0159707300   -0.0039200200   -0.0047262100
   0.0163257600   -0.0017357900   -0.0089443300
   0.0160227200   -0.0038239100   -0.0054031200
   0.0166321400   -0.0038283000   -0.0054106500
   0.0163309200   -0.0017011300   -0.0089907600
   0.0167385000   -0.0039020500   -0.0054102200
   0.0159094000   -0.0039043600   -0.0054105900
   0.0163213800   -0.0012392100   -0.0011080100
   0.0157962300   -0.0036619300   -0.0045017400
   0.0168479400   -0.0036599800   -0.0044963300
  -0.0215148100    0.0091815200    0.0099078900
  -0.0241371000   -0.0049573600    0.0054597400
  -0.0189131400   -0.0049600700    0.0054600900
  -0.0215269800   -0.0130048000    0.0064264100
  -0.0189650800   -0.0062865600    0.0063777000
  -0.0240937800   -0.0062913800    0.0063736400
  -0.0215206000   -0.0052678300    0.0064246600
  -0.0217703300   -0.0055335600    0.0059007300
  -0.0212845200   -0.0055315100    0.0059002300
  -0.0215250100   -0.0059149800    0.0054819000
  -0.0213647000   -0.0060019700    0.0056752100
  -0.0216860100   -0.0060000100    0.0056744300
  -0.0214814800    0.0089038400   -0.0020009300
  -0.0217529900    0.0061715700   -0.0057613000
  -0.0212912800    0.0061718800   -0.0057647300
  -0.0215251700    0.0040330000   -0.0057496100
  -0.0215828000    0.0053168500   -0.0057930100
  -0.0214530000    0.0053127700   -0.0057960900
  -0.0215235000    0.0079268200   -0.0045835700
  -0.0215265600    0.0061741100   -0.0058803000
  -0.0215134900    0.0061740500   -0.0058786200
  -0.0215197100    0.0040258100   -0.0057108200
  -0.0216403700    0.0052443800   -0.0058736600
  -0.0214013400    0.0052472800   -0.0058742900
  -0.0285382400    0.0036176100   -0.0014640000
  -0.0285344500    0.0033269700   -0.0017836400
  -0.0287694800    0.0004700500    0.0001068100
  -0.0282586200   -0.0023370700    0.0012285900
  -0.0292876000   -0.0023228900    0.0012300300
  -0.0287641700   -0.0004612000   -0.0000902800
  -0.0291790000    0.0010173000    0.0001537100
  -0.0283555600    0.0010138100    0.0001477500
  -0.0287682400    0.0003900400    0.0001055900
  -0.0280982600   -0.0008367400   -0.0002681400
  -0.0294285400   -0.0008319700   -0.0002712700
  -0.0287668400   -0.0003729000   -0.0001321200

49   
  0.0000000000000000  -0.0099993863275691  -0.0001107838978550
   0.0163750200   -0.0010434200   -0.0016893900
   0.0200052600   -0.0011289200   -0.0016648400
   0.0182248600   -0.0003040300    0.0001277200
   0.0182622800    0.0010939700    0.0004516000
   0.0181900400    0.0010875300    0.0004451500
   0.0182232300    0.0003139600   -0.0001067200
   0.0178627400   -0.0003473500    0.0002587100
   0.0185917900   -0.0003469300    0.0002658500
   0.0182252500   -0.0002352000    0.0000473100
   0.0185801400    0.0005092900   -0.0001290200
   0.0178651500    0.0005138500   -0.0001303900
   0.0182229700    0.0002493700   -0.0000392300
   0.0198231100   -0.0013984700   -0.0015598200
   0.0167004600   -0.0014937700   -0.0015274800
   0.0182255500   -0.0001428200    0.0000346900
   0.0179440400    0.0009553900    0.0004800100
   0.0185091700    0.0009629000    0.0004812300
   0.0182305900    0.0001822400   -0.0000813400
   0.0183673600   -0.0004001200    0.0002128600
   0.0180880400   -0.0004007600    0.0002152400
   0.0182282000   -0.0002650000    0.0001135700
   0.0178677700    0.0004290400   -0.0001930900
   0.0185907700    0.0004341700   -0.0001971200
   0.0182278600    0.0002069700   -0.0000525100
   0.0019640900   -0.0005103500    0.0023095900
   0.0007201800   -0.0005053400    0.0022829100
   0.0013520900   -0.0019376900    0.0026823700
   0.0014444600   -0.0032378900    0.0027114500
   0.0012694400   -0.0032353100    0.0027072900
   0.0013533800   -0.0026192100    0.0026708200
   0.0019418800    0.0002038500    0.0021191300
   0.0007603400    0.0002090200    0.0021115300
   0.0013519000   -0.0019046500    0.0025676400
   0.0014182600   -0.0033971500    0.0028098800
   0.0012971200   -0.0033998100    0.0028103700
   0.0013570600   -0.0027128000    0.0026489400
   0.0094812900   -0.0047102000   -0.0020878100
  -0.0067709300   -0.0047157300   -0.0020634300
   0.0013571300    0.0022656000   -0.0025711000
  -0.0065465300   -0.0058657200   -0.0026115900
   0.0092443600   -0.0058517600   -0.0026341700
   0.0013615300    0.0024342500   -0.0026577600
   0.0020698600    0.0022853400   -0.0026536400
   0.0006348300    0.0022848100   -0.0026539800
   0.0013571400    0.0022676500   -0.0026253800
   0.0006994200    0.0024300300   -0.0026258600
   0.0020255500    0.0024361200   -0.0026254100
   0.0013576000    0.0023017100   -0.0027207600
   0.0168447600    0.0550072600    0.0167425000
   0.0164971800    0.0056074900    0.0052412400
   0.0161554300    0.0056118000    0.0052426700
   0.0163223800    0.0006276200    0.0050238800
   0.0162159900    0.0023171600    0.0049346600
   0.0164304400    0.0023133000    0.0049292800
   0.0163242300    0.0048885000    0.0051456400
   0.0162949200    0.0042894200    0.0049816600
   0.0163481000    0.0042864300    0.0049803400
   0.0163200700    0.0023176200    0.0049212800
   0.0162679500    0.0034078200    0.0049480900
   0.0163805800    0.0034093600    0.0049523900
   0.0163376300   -0.0064406500   -0.0072348900
   0.0159706200   -0.0038158600   -0.0052953300
   0.0166780100   -0.0038118900   -0.0052950100
   0.0163270400   -0.0059999400   -0.0010455500
   0.0166325800   -0.0039035700   -0.0046182000
   0.0160210900   -0.0039076200   -0.0046229800
   0.0163160100   -0.0060193600   -0.0010676600
   0.0159073400   -0.0038369500   -0.0046223100
   0.0167362700   -0.0038392200   -0.0046248200
   0.0163279400   -0.0065100000   -0.0089631200
   0.0168541600   -0.0040628100   -0.0055264500
   0.0157984900   -0.0040609900   -0.0055207700
  -0.0215388100   -0.0195415300    0.0021051100
  -0.0189365000   -0.0065558800    0.0062561600
  -0.0241181900   -0.0065561500    0.0062550500
  -0.0215266800    0.0015058700    0.0053113500
  -0.0240963700   -0.0052415700    0.0053409900
  -0.0189575500   -0.0052439600    0.0053411800
  -0.0215156000   -0.0062528700    0.0052978100
  -0.0212894800   -0.0059932900    0.0058169000
  -0.0217648800   -0.0059928500    0.0058176900
  -0.0215246800   -0.0056136000    0.0062368200
  -0.0216906500   -0.0055249400    0.0060457800
  -0.0213598300   -0.0055233900    0.0060416900
  -0.0215560100    0.0025885800   -0.0097773500
  -0.0212747700    0.0053591800   -0.0059550200
  -0.0217570200    0.0053576900   -0.0059531500
  -0.0215205900    0.0074995100   -0.0059727800
  -0.0214574900    0.0062114600   -0.0059245200
  -0.0215770400    0.0062082300   -0.0059280900
  -0.0215323600    0.0036017900   -0.0071451500
  -0.0215040400    0.0053527100   -0.0058458200
  -0.0215357100    0.0053538600   -0.0058453400
  -0.0215224100    0.0074968600   -0.0060092900
  -0.0214012500    0.0062767800   -0.0058420200
  -0.0216419100    0.0062776900   -0.0058436400
  -0.0290935500   -0.0036946800    0.0013786300
  -0.0289085600   -0.0033993700    0.0017012100
  -0.0287621200   -0.0004781500   -0.0001085300
  -0.0292715400    0.0023308300   -0.0012189900
  -0.0282498200    0.0023150300   -0.0012171600
  -0.0287643900    0.0004592800    0.0000927700
  -0.0283485800   -0.0010262600   -0.0001506400
  -0.0291767300   -0.0010246000   -0.0001415900
  -0.0287667300   -0.0003957500   -0.0001033800
  -0.0294292200    0.0008322000    0.0002731500
  -0.0281057100    0.0008334500    0.0002685800
  -0.0287655500    0.0003762800    0.0001310500

49   
  0.0100000000000000   0.0000000000000000   0.0000000000000000
   0.0181227600    0.0011287100   -0.0010461700
   0.0183296500   -0.0009904200    0.0009425200
   0.0173560100   -0.0000073900    0.0000060800
   0.0184142700   -0.0003716500   -0.0003705100
   0.0184241300    0.0003748300    0.0003676100
   0.0178450200    0.0000013600    0.0000000900
   0.0183307900    0.0003514700    0.0003760600
   0.0183329000   -0.0003531400   -0.0003827100
   0.0178896100    0.0000006000    0.0000014900
   0.0183721300   -0.0000339700    0.0000082600
   0.0183729900    0.0000311100   -0.0000083000
   0.0179495400    0.0000002300   -0.0000001800
   0.0181269600   -0.0010892500    0.0010908700
   0.0183318000    0.0009762100   -0.0009545800
   0.0173574700    0.0000082400   -0.0000051900
   0.0183312900    0.0003651600    0.0003665300
   0.0183310300   -0.0003712900   -0.0003676300
   0.0178942600   -0.0000016100   -0.0000004200
   0.0184192600   -0.0003572900   -0.0003867400
   0.0184300200    0.0003557700    0.0003877300
   0.0178472500    0.0000011700    0.0000006100
   0.0183746000    0.0000108800   -0.0000333000
   0.0183775300   -0.0000085500    0.0000313300
   0.0179545600   -0.0000005100    0.0000008500
   0.0033505500   -0.0018965400   -0.0017449700
   0.0033541600   -0.0026777500    0.0070308100
   0.0029283200   -0.0022776800    0.0026408300
   0.0010245400   -0.0022491100    0.0025653800
   0.0010206200   -0.0023083600    0.0026988800
   0.0019603200   -0.0022809500    0.0026313400
   0.0035799100   -0.0031025200    0.0087832100
   0.0035374200   -0.0014400000   -0.0035404300
   0.0029509400   -0.0022799300    0.0026299600
   0.0009900000   -0.0023639200    0.0027710000
   0.0009760600   -0.0021943800    0.0024922600
   0.0020871000   -0.0022840600    0.0026309000
   0.0033659400   -0.0021006700   -0.0024097600
   0.0033758100    0.0066885400   -0.0028666600
   0.0029325500    0.0022816300   -0.0026356800
   0.0035801400    0.0084579100   -0.0032252800
   0.0035378400   -0.0039226900   -0.0020251900
   0.0029579000    0.0022801500   -0.0026303500
   0.0010183000    0.0022105800   -0.0026004900
   0.0010160200    0.0023506100   -0.0026595200
   0.0019642100    0.0022823700   -0.0026316600
   0.0009947600    0.0024161400   -0.0027172100
   0.0009844700    0.0021369100   -0.0025504900
   0.0020871200    0.0022802200   -0.0026324300
  -0.0302153600    0.0036037100    0.0047341800
   0.0228269200    0.0040512000    0.0052004400
   0.0227443300    0.0036853800    0.0048186700
   0.0156952000    0.0038773600    0.0050109800
   0.0167306700    0.0037599700    0.0049828200
   0.0167315500    0.0039794300    0.0050361300
   0.0156921400    0.0038696300    0.0050155500
   0.0167288200    0.0038464400    0.0048977400
   0.0167287700    0.0038932200    0.0051218300
   0.0162033100    0.0038705400    0.0050088100
   0.0163924900    0.0038164200    0.0049525400
   0.0163949100    0.0039268400    0.0050706000
   0.0150832000   -0.0038682000   -0.0050073100
   0.0165952900   -0.0035205000   -0.0046444000
   0.0165964300   -0.0042175100   -0.0053728200
   0.0154637700   -0.0038585100   -0.0050204200
   0.0166819800   -0.0041829700   -0.0046022400
   0.0166826400   -0.0035631400   -0.0054212000
   0.0154604200   -0.0038814500   -0.0049980800
   0.0166780100   -0.0034533400   -0.0053107200
   0.0166803800   -0.0042910000   -0.0047166900
   0.0152216400   -0.0038673500   -0.0050092300
   0.0164606300   -0.0043868500   -0.0055489800
   0.0164636500   -0.0033478100   -0.0044670100
  -0.0169187600   -0.0057987000    0.0058540500
  -0.0229088700   -0.0066293400    0.0056249100
  -0.0229007500   -0.0049083900    0.0060871200
  -0.0180472900   -0.0057772800    0.0058644800
  -0.0231495400   -0.0053118500    0.0056074700
  -0.0231618600   -0.0062163000    0.0061092600
  -0.0213332900   -0.0057656000    0.0058525700
  -0.0216273800   -0.0059179800    0.0059826200
  -0.0216252700   -0.0056141700    0.0057313400
  -0.0212692100   -0.0057653400    0.0058581300
  -0.0216520300   -0.0057493100    0.0060087000
  -0.0216518100   -0.0057801100    0.0057089900
  -0.0168920800    0.0057627100   -0.0058924000
  -0.0228966300    0.0055631500   -0.0067325200
  -0.0228975500    0.0059597300   -0.0049948700
  -0.0213383800    0.0057628300   -0.0058571400
  -0.0216195900    0.0058973100   -0.0060033900
  -0.0216172400    0.0056311300   -0.0057133800
  -0.0180533600    0.0057695500   -0.0058726400
  -0.0231457600    0.0054939000   -0.0054192600
  -0.0231532200    0.0060316700   -0.0063001000
  -0.0212661400    0.0057643100   -0.0058578700
  -0.0216459100    0.0059127400   -0.0058356100
  -0.0216504300    0.0056170400   -0.0058810600
  -0.0229568200    0.0004971700    0.0005129900
  -0.0233315300   -0.0002021600   -0.0002067900
  -0.0303453100    0.0000033800    0.0000036100
  -0.0284085600    0.0007884700   -0.0007499200
  -0.0284123500   -0.0007884800    0.0007546200
  -0.0294265700   -0.0000019900    0.0000001800
  -0.0284056000   -0.0007754900    0.0007554000
  -0.0284104400    0.0007816500   -0.0007579100
  -0.0294302600   -0.0000006000    0.0000004100
  -0.0284929000    0.0000148600    0.0000207600
  -0.0284910400   -0.0000194300   -0.0000229100
  -0.0292789000    0.0000022200    0.0000002300

49   
 -0.0100000000000000   0.0000000000000000   0.0000000000000000
   0.0182735200   -0.0010871900    0.0010180600
   0.0181721000    0.0010360400   -0.0009747000
   0.0190918700    0.0000020700   -0.0000015600
   0.0180277300    0.0003732600    0.0003719800
   0.0180226100   -0.0003755600   -0.0003697900
   0.0186043000   -0.0000011500    0.0000002600
   0.0181113200   -0.0003532200   -0.0003738700
   0.0181227800    0.0003512000    0.0003819300
   0.0185596900    0.0000005100    0.0000018400
   0.0180769900    0.0000337400   -0.0000088900
   0.0180771700   -0.0000316000    0.0000088300
   0.0184957300   -0.0000012400    0.0000001000
   0.0182800900    0.0010578400   -0.0010485800
   0.0181777500   -0.0010160500    0.0009999900
   0.0190954600   -0.0000001100    0.0000035100
   0.0181186400   -0.0003636200   -0.0003686500
   0.0181283600    0.0003721900    0.0003676100
   0.0185651100   -0.0000002100   -0.0000000600
   0.0180321100    0.0003561200    0.0003856000
   0.0180279400   -0.0003525300   -0.0003885200
   0.0186079700    0.0000008900   -0.0000016600
   0.0180795100   -0.0000093600    0.0000341000
   0.0180810000    0.0000109400   -0.0000308900
   0.0185005600   -0.0000001200   -0.0000007100
  -0.0006573800   -0.0026617500    0.0070537600
  -0.0006623200   -0.0018879000   -0.0017267300
  -0.0002272200   -0.0022728500    0.0026389400
   0.0016883500   -0.0023132200    0.0027029200
   0.0016816800   -0.0022524300    0.0025649800
   0.0007412600   -0.0022790000    0.0026301700
  -0.0008645500   -0.0014552600   -0.0035565300
  -0.0008271700   -0.0031121600    0.0087676500
  -0.0002495700   -0.0022797400    0.0026280300
   0.0017199500   -0.0021918900    0.0024959200
   0.0017184500   -0.0023680700    0.0027708300
   0.0006194100   -0.0022813100    0.0026280500
  -0.0006631000    0.0067080600   -0.0028534500
  -0.0006623700   -0.0020809000   -0.0023986000
  -0.0002253100    0.0022800400   -0.0026306200
  -0.0008701800   -0.0039362500   -0.0020367000
  -0.0008316900    0.0084397100   -0.0032412100
  -0.0002441100    0.0022774300   -0.0026308700
   0.0016844700    0.0023493500   -0.0026620000
   0.0016801900    0.0022148300   -0.0026072800
   0.0007448500    0.0022799300   -0.0026304800
   0.0017223700    0.0021361600   -0.0025548900
   0.0017247700    0.0024200200   -0.0027147000
   0.0006200600    0.0022762600   -0.0026310200
   0.0628699200    0.0046330100    0.0058098000
   0.0098988700    0.0036861900    0.0048286500
   0.0098165800    0.0040600400    0.0052130200
   0.0169548500    0.0038664200    0.0050213900
   0.0159150700    0.0039786700    0.0050436100
   0.0159163100    0.0037517700    0.0049798700
   0.0169494000    0.0038731500    0.0050117700
   0.0159148900    0.0038916200    0.0051252700
   0.0159148900    0.0038388600    0.0048983100
   0.0164416000    0.0038617900    0.0050065200
   0.0162519600    0.0039224200    0.0050696800
   0.0162538600    0.0038149400    0.0049611400
   0.0175633900   -0.0038879100   -0.0050351700
   0.0160526200   -0.0042174600   -0.0053757700
   0.0160538000   -0.0035112900   -0.0046457600
   0.0171867500   -0.0038578600   -0.0050090800
   0.0159690200   -0.0035553600   -0.0054165400
   0.0159696400   -0.0041835000   -0.0046104600
   0.0171855800   -0.0038634200   -0.0050040000
   0.0159642900   -0.0042836200   -0.0047185000
   0.0159664000   -0.0034508200   -0.0053151800
   0.0174257000   -0.0038715800   -0.0050201800
   0.0161828900   -0.0033511300   -0.0044805800
   0.0161864300   -0.0043862000   -0.0055516200
  -0.0261175800   -0.0058530000    0.0058176200
  -0.0201416400   -0.0048982400    0.0060954100
  -0.0201385000   -0.0066235800    0.0056306300
  -0.0249986400   -0.0057450100    0.0058547100
  -0.0198915000   -0.0062035700    0.0061163100
  -0.0198953600   -0.0053051300    0.0056120000
  -0.0216987900   -0.0057603200    0.0058645000
  -0.0214203500   -0.0056072500    0.0057387900
  -0.0214211300   -0.0059097400    0.0059899700
  -0.0217738400   -0.0057563600    0.0058679800
  -0.0213920300   -0.0057730100    0.0057166500
  -0.0213902800   -0.0057401400    0.0060114400
  -0.0261324700    0.0057176900   -0.0059585600
  -0.0201350500    0.0059573600   -0.0049973000
  -0.0201391200    0.0055567700   -0.0067374200
  -0.0217025200    0.0057596800   -0.0058663900
  -0.0214123000    0.0056276400   -0.0057170400
  -0.0214137600    0.0058881900   -0.0060120800
  -0.0249948100    0.0057464600   -0.0058534300
  -0.0198863400    0.0060244100   -0.0063035600
  -0.0198873800    0.0054885400   -0.0054199200
  -0.0217710500    0.0057609000   -0.0058618700
  -0.0213874100    0.0056075900   -0.0058850600
  -0.0213899500    0.0059062600   -0.0058420400
  -0.0347991700   -0.0006832300   -0.0007027800
  -0.0339804000    0.0000327800    0.0000281200
  -0.0271830000    0.0000068900    0.0000075600
  -0.0291284100   -0.0007880100    0.0007532900
  -0.0291119900    0.0007895200   -0.0007506300
  -0.0280991900   -0.0000024000    0.0000011700
  -0.0291267000    0.0007821900   -0.0007590200
  -0.0291113400   -0.0007785000    0.0007586700
  -0.0281019000    0.0000004400   -0.0000005000
  -0.0290425000   -0.0000182700   -0.0000163700
  -0.0290288000    0.0000215000    0.0000218700
  -0.0282506800    0.0000003000   -0.0000010700

73   
  0.0000000000000000   0.0099993863275691   0.0001107838978550
   0.0227368700   -0.0016251300    0.0033929600
   0.0135943600   -0.0016155100    0.0035565900
   0.0182247200   -0.0004808500    0.0001285400
   0.0173317300    0.0009956900   -0.0005441800
   0.0191217400    0.0010027300   -0.0005594900
   0.0182233700    0.0003202800   -0.0001680000
   0.0180356500   -0.0006977900   -0.0002778300
   0.0184163300   -0.0007059600   -0.0002854300
   0.0182252700   -0.0002760900    0.0000037100
   0.0183431100    0.0003125300    0.0000616500
   0.0181040900    0.0003143400    0.0000622200
   0.0182230800    0.0001748000   -0.0000093700
   0.0196522800    0.0011822500   -0.0010583900
   0.0168057500    0.0011897500   -0.0010851600
   0.0182271100    0.0002082600   -0.0000987000
   0.0126044600    0.0032392200    0.0035425800
   0.0240330500    0.0034153200    0.0037133000
   0.0182310500   -0.0000179300    0.0001519600
   0.0182141700    0.0001139700    0.0001997600
   0.0182440300    0.0001155900    0.0001997400
   0.0182276700    0.0000033400    0.0000316800
   0.0182607200    0.0000931800   -0.0001359900
   0.0181915300    0.0000945500   -0.0001357700
   0.0182273600    0.0001018400   -0.0000576500
  -0.0005971700   -0.0025143700    0.0042688600
   0.0033034000   -0.0025292900    0.0042588700
   0.0013548400   -0.0021962800    0.0028613900
   0.0022139800   -0.0025537000    0.0016547200
   0.0005045200   -0.0025437300    0.0016516600
   0.0013530500   -0.0024047100    0.0024907300
   0.0002568500   -0.0018300200    0.0010165800
   0.0024535300   -0.0018298800    0.0010134400
   0.0013516100   -0.0020581200    0.0024483300
   0.0019627800   -0.0027147600    0.0036912200
   0.0007533900   -0.0027272100    0.0036940300
   0.0013576400   -0.0025494400    0.0028173500
  -0.0079707500    0.0105411900   -0.0037623600
   0.0107718300    0.0105221300   -0.0038022000
   0.0013536700    0.0025856500   -0.0025680600
   0.0006321000   -0.0011786100   -0.0024273500
   0.0020871200   -0.0011848300   -0.0024378600
   0.0013610800    0.0018590100   -0.0025635000
   0.0018907000    0.0022227000   -0.0028482300
   0.0008153500    0.0022267700   -0.0028483300
   0.0013593800    0.0023648400   -0.0025805500
   0.0011911500    0.0021526500   -0.0025884600
   0.0015312900    0.0021541600   -0.0025863000
   0.0013561200    0.0021659600   -0.0026691000
   0.0163520800    0.0176079400    0.0090259400
   0.0171793500    0.0046523800    0.0051187700
   0.0154625100    0.0046574700    0.0051227500
   0.0163128300   -0.0034202600    0.0060520300
   0.0158754400    0.0033529500    0.0049745500
   0.0167702600    0.0033510000    0.0049709200
   0.0163217200    0.0043651100    0.0051759800
   0.0164721600    0.0040933800    0.0050940700
   0.0161736700    0.0040901800    0.0050911300
   0.0163220800    0.0037105100    0.0051923800
   0.0163056100    0.0036279600    0.0050058300
   0.0163402500    0.0036292700    0.0050076000
   0.0163049300   -0.0007719700   -0.0014752600
   0.0161170300   -0.0034559500   -0.0054166700
   0.0165375100   -0.0034534700   -0.0054163900
   0.0163294600   -0.0056085800   -0.0045067300
   0.0164546900   -0.0043153100   -0.0049881700
   0.0161987800   -0.0043188000   -0.0049918300
   0.0163155500   -0.0016930400   -0.0042223900
   0.0160604900   -0.0034661100   -0.0044790800
   0.0165852900   -0.0034666100   -0.0044783300
   0.0163263500   -0.0056055900   -0.0054391500
   0.0164761100   -0.0043801200   -0.0052028600
   0.0161717000   -0.0043796600   -0.0052014600
  -0.0215998300   -0.0525210300   -0.0029171000
  -0.0196355300   -0.0068210700    0.0063969800
  -0.0234146900   -0.0068199700    0.0063970000
  -0.0215137800    0.0008675300    0.0064443100
  -0.0219559700   -0.0051864600    0.0057843800
  -0.0211030800   -0.0051876000    0.0057815900
  -0.0215188900   -0.0062663900    0.0062538400
  -0.0214125600   -0.0060771900    0.0057594500
  -0.0216453600   -0.0060762800    0.0057598500
  -0.0215257300   -0.0057274400    0.0059373000
  -0.0215901300   -0.0055754600    0.0059430400
  -0.0214624000   -0.0055744400    0.0059406300
  -0.0215361400    0.0105564300   -0.0167019700
  -0.0224744800    0.0053095300   -0.0060342900
  -0.0205631800    0.0053097600   -0.0060352400
  -0.0215220300    0.0076146400   -0.0034423200
  -0.0211505700    0.0060819700   -0.0056799200
  -0.0218839400    0.0060810200   -0.0056844300
  -0.0215276800    0.0053247500   -0.0035081600
  -0.0220951000    0.0052517300   -0.0057049200
  -0.0209418500    0.0052521000   -0.0057033100
  -0.0215192600    0.0062500400   -0.0073065700
  -0.0211993600    0.0061472100   -0.0059897700
  -0.0218407400    0.0061481300   -0.0059917000
  -0.0258412200    0.0022730000    0.0024914000
  -0.0317059300    0.0022491700    0.0024623300
  -0.0287665100    0.0003044200    0.0001916300
  -0.0327142800    0.0022525100   -0.0044753700
  -0.0248835600    0.0021943500   -0.0043597400
  -0.0287648400    0.0000322800   -0.0002485300
  -0.0286081900    0.0005836500   -0.0006782400
  -0.0289277400    0.0005819300   -0.0006726900
  -0.0287671900    0.0000994100   -0.0000610100
  -0.0286860700    0.0003672800    0.0004024200
  -0.0288496900    0.0003507600    0.0003719200
  -0.0287653100    0.0001085700    0.0000499700

73   
  0.0000000000000000  -0.0099993863275691  -0.0001107838978550
   0.0136924300    0.0016676400   -0.0033992300
   0.0228733300    0.0016603300   -0.0035636600
   0.0182224600    0.0004843100   -0.0001291100
   0.0190978300   -0.0009927500    0.0005370700
   0.0173372600   -0.0010013500    0.0005479700
   0.0182245400   -0.0003230200    0.0001684300
   0.0184126200    0.0007041200    0.0002758900
   0.0180339100    0.0007117900    0.0002802800
   0.0182251100    0.0002809900   -0.0000008200
   0.0181092300   -0.0003163000   -0.0000609300
   0.0183422700   -0.0003179000   -0.0000597400
   0.0182221900   -0.0001802500    0.0000109500
   0.0167989700   -0.0011949400    0.0010653300
   0.0196571900   -0.0012090400    0.0010906000
   0.0182251300   -0.0002073800    0.0001037100
   0.0237827400   -0.0032440700   -0.0035060900
   0.0124918400   -0.0034184500   -0.0036726400
   0.0182288700    0.0000105300   -0.0001502000
   0.0182353200   -0.0001164100   -0.0002026200
   0.0182146300   -0.0001129400   -0.0002007800
   0.0182269300   -0.0000040200   -0.0000361700
   0.0181998600   -0.0000987400    0.0001368300
   0.0182592500   -0.0000993500    0.0001359900
   0.0182274200   -0.0001068500    0.0000565100
   0.0033124700   -0.0020469600    0.0009861500
  -0.0006186800   -0.0020375600    0.0009896900
   0.0013527600   -0.0023563800    0.0024149800
   0.0005152500   -0.0020069700    0.0036020700
   0.0021915300   -0.0020113400    0.0036024400
   0.0013516200   -0.0021503900    0.0027726900
   0.0024658600   -0.0027383800    0.0042578800
   0.0002573400   -0.0027310400    0.0042614700
   0.0013538100   -0.0025076200    0.0028203300
   0.0007569400   -0.0018316000    0.0015874400
   0.0019346300   -0.0018269100    0.0015814200
   0.0013548400   -0.0020145400    0.0024466600
   0.0107709700   -0.0060878800   -0.0014940100
  -0.0081372200   -0.0060697300   -0.0014508500
   0.0013587400    0.0019696600   -0.0027050800
   0.0020974100    0.0057223700   -0.0028397500
   0.0006141200    0.0057224300   -0.0028375200
   0.0013607100    0.0027046200   -0.0027019800
   0.0008045900    0.0023293400   -0.0024190700
   0.0019015600    0.0023328200   -0.0024228700
   0.0013578200    0.0021936300   -0.0026837800
   0.0015295200    0.0024012000   -0.0026868900
   0.0011919900    0.0024043000   -0.0026812400
   0.0013569000    0.0023869900   -0.0025987000
   0.0162910300   -0.0110690000    0.0007102700
   0.0154567100    0.0030645200    0.0049097100
   0.0171895400    0.0030675000    0.0049078400
   0.0163385500    0.0110929600    0.0039936800
   0.0167685500    0.0043881600    0.0050547700
   0.0158821400    0.0043833300    0.0050501700
   0.0163192300    0.0033670500    0.0048427700
   0.0161714000    0.0036350700    0.0049310500
   0.0164717400    0.0036327200    0.0049297000
   0.0163237000    0.0040315900    0.0048306000
   0.0163422200    0.0041089200    0.0050222100
   0.0163073200    0.0041106900    0.0050273600
   0.0163448100   -0.0070487000   -0.0086508000
   0.0165400600   -0.0042809900   -0.0046014400
   0.0161079600   -0.0042757800   -0.0046003900
   0.0163236400   -0.0021333500   -0.0055166800
   0.0161974100   -0.0034169200   -0.0050373700
   0.0164563400   -0.0034212000   -0.0050442000
   0.0163312600   -0.0060286500   -0.0058512100
   0.0165873000   -0.0042696900   -0.0055591800
   0.0160575200   -0.0042728400   -0.0055625000
   0.0163230800   -0.0021349900   -0.0045842900
   0.0161698800   -0.0033503000   -0.0048235500
   0.0164782400   -0.0033478400   -0.0048169400
  -0.0214146200    0.0427594900    0.0147922600
  -0.0234653600   -0.0046903300    0.0053175800
  -0.0195902300   -0.0046917900    0.0053159100
  -0.0215367800   -0.0123314600    0.0052938400
  -0.0210882800   -0.0063396100    0.0059387500
  -0.0219702900   -0.0063435500    0.0059371000
  -0.0215167500   -0.0052465300    0.0054835000
  -0.0216492700   -0.0054501200    0.0059584400
  -0.0214058600   -0.0054485500    0.0059586500
  -0.0215266800   -0.0058066500    0.0057789900
  -0.0214674600   -0.0059539500    0.0057780200
  -0.0215836300   -0.0059521500    0.0057761400
  -0.0215036600    0.0008922300    0.0052286300
  -0.0205550400    0.0062222900   -0.0056836000
  -0.0224834100    0.0062215400   -0.0056838800
  -0.0215264400    0.0039341000   -0.0082569300
  -0.0218813800    0.0054403700   -0.0060346300
  -0.0211503600    0.0054365900   -0.0060373700
  -0.0215275300    0.0062047100   -0.0082037500
  -0.0209368800    0.0062738000   -0.0060179400
  -0.0221034900    0.0062744800   -0.0060181400
  -0.0215200800    0.0052661200   -0.0044289200
  -0.0218370200    0.0053728000   -0.0057301100
  -0.0212067600    0.0053744700   -0.0057316300
  -0.0317009400   -0.0022916900   -0.0025068300
  -0.0258169000   -0.0022638600   -0.0024835000
  -0.0287661600   -0.0003050100   -0.0001907000
  -0.0248658700   -0.0022950300    0.0044555800
  -0.0326056300   -0.0022395300    0.0043454100
  -0.0287648600   -0.0000454600    0.0002500800
  -0.0289246700   -0.0005859100    0.0006806900
  -0.0286009500   -0.0005863800    0.0006780800
  -0.0287680700   -0.0001016500    0.0000640300
  -0.0288387100   -0.0003862500   -0.0003918200
  -0.0286893400   -0.0003627700   -0.0003704000
  -0.0287670900   -0.0001130000   -0.0000522000

73   
  0.0100000000000000   0.0000000000000000   0.0000000000000000
   0.0214399700    0.0054157100    0.0080531300
   0.0214764500   -0.0055772600   -0.0083280400
   0.0193432400   -0.0000022800   -0.0000031100
   0.0177922600   -0.0003263000   -0.0001420900
   0.0177881100    0.0003268400    0.0001487600
   0.0190008900    0.0000039700   -0.0000046600
   0.0176758700   -0.0001230600   -0.0002428300
   0.0176728800    0.0001382900    0.0002393100
   0.0189647300   -0.0000049200    0.0000036600
   0.0180932300   -0.0000715900   -0.0000709300
   0.0180883900    0.0000704700    0.0000706800
   0.0184837500   -0.0000000000    0.0000006600
   0.0176802100    0.0002363900    0.0001301300
   0.0176704700   -0.0002327600   -0.0001432700
   0.0189655300    0.0000002800    0.0000073400
   0.0214611900   -0.0078574300   -0.0057173400
   0.0215013100    0.0081317000    0.0058895800
   0.0193553300    0.0000027400    0.0000031800
   0.0180929800    0.0000659300    0.0000722800
   0.0180931200   -0.0000652900   -0.0000731700
   0.0184892600   -0.0000001800   -0.0000016900
   0.0178000000    0.0001304400    0.0003328500
   0.0177934000   -0.0001366000   -0.0003326300
   0.0190042200    0.0000042600   -0.0000047700
   0.0036652800   -0.0030188300    0.0033374700
   0.0036702600   -0.0015698800    0.0019561300
   0.0003798200   -0.0022734600    0.0026352300
   0.0019428400   -0.0017179200    0.0032622100
   0.0019471900   -0.0028520200    0.0019995600
  -0.0001749500   -0.0022782200    0.0026278100
   0.0019477900   -0.0028909700    0.0020442600
   0.0019479600   -0.0016649400    0.0032280500
  -0.0001743400   -0.0022765500    0.0026316500
   0.0018866100   -0.0010210100    0.0014229800
   0.0019094100   -0.0035558900    0.0038597400
  -0.0000317300   -0.0022830200    0.0026291500
   0.0475245000   -0.0037018300    0.0031000400
   0.0515797800    0.0092429100   -0.0092971800
  -0.0051220300    0.0022745500   -0.0026292200
   0.0027033400    0.0026451800   -0.0026019100
   0.0027246400    0.0018971800   -0.0026674600
  -0.0005620600    0.0022813400   -0.0026279200
   0.0026985000    0.0022628600   -0.0030004000
   0.0027262100    0.0023033200   -0.0022483500
  -0.0005607100    0.0022779100   -0.0026301800
   0.0016356500    0.0022678700   -0.0026277800
   0.0016379700    0.0022875300   -0.0026402600
   0.0007924900    0.0022779400   -0.0026313900
   0.0209077900    0.0039564000    0.0050748800
   0.0149369100    0.0064744600    0.0053119200
   0.0149404000    0.0012818900    0.0047072500
   0.0198018900    0.0038774300    0.0050144900
   0.0146890100    0.0013000700    0.0049581500
   0.0146969400    0.0064248400    0.0050604200
   0.0165025300    0.0038681900    0.0050088500
   0.0162209800    0.0041082700    0.0050768600
   0.0162168100    0.0036285500    0.0049423800
   0.0165773100    0.0038708400    0.0050081900
   0.0161922600    0.0037039500    0.0051278300
   0.0161920000    0.0040382700    0.0048985800
   0.0209271500   -0.0039352100   -0.0051053100
   0.0149409800   -0.0040724100   -0.0076245300
   0.0149438900   -0.0036565900   -0.0024094100
   0.0165083000   -0.0038632000   -0.0050046100
   0.0162241700   -0.0039274900   -0.0052504400
   0.0162200000   -0.0038152700   -0.0047757600
   0.0197956600   -0.0038678200   -0.0050132300
   0.0146864600   -0.0039120200   -0.0024435600
   0.0146953000   -0.0038318900   -0.0075723600
   0.0165784100   -0.0038709700   -0.0050169600
   0.0161926200   -0.0039923400   -0.0048494500
   0.0161918100   -0.0037437400   -0.0051691500
  -0.1626528400   -0.0069953100    0.0070446700
  -0.0051774300   -0.0076829600    0.0077069900
  -0.0052932300   -0.0038403600    0.0040049900
  -0.0209111700   -0.0057517200    0.0058606900
  -0.0216881400   -0.0053278800    0.0059921500
  -0.0216899800   -0.0061935300    0.0057278100
  -0.0208992200   -0.0057609800    0.0058501400
  -0.0216951600   -0.0058791900    0.0054218400
  -0.0216859400   -0.0056464700    0.0062932300
  -0.0218275300   -0.0057618400    0.0058608200
  -0.0213740100   -0.0057054400    0.0058065700
  -0.0213701100   -0.0058165700    0.0059133500
  -0.0280520600    0.0058804200   -0.0059789700
  -0.0213847000    0.0047934300   -0.0049263000
  -0.0213741800    0.0067298900   -0.0067958800
  -0.0227810200    0.0057591000   -0.0058655100
  -0.0209968500    0.0061235800   -0.0052692000
  -0.0209906500    0.0054043300   -0.0064499500
  -0.0227810600    0.0057665300   -0.0058583800
  -0.0209967900    0.0051849300   -0.0062429100
  -0.0209975500    0.0063365200   -0.0054843800
  -0.0229927100    0.0057619600   -0.0058598600
  -0.0207913800    0.0060830000   -0.0061684500
  -0.0207901300    0.0054445900   -0.0055539200
  -0.0299386600    0.0006036700   -0.0005982300
  -0.0299571400   -0.0005993500    0.0005926700
  -0.0271700700    0.0000044800    0.0000051000
  -0.0277716500   -0.0120543900    0.0116111700
  -0.0276440400    0.0120574500   -0.0116124700
  -0.0269624600   -0.0000040300    0.0000023000
  -0.0291275300    0.0000491100   -0.0000482200
  -0.0291214600   -0.0000508500    0.0000507700
  -0.0282622800   -0.0000012500    0.0000011800
  -0.0299314600    0.0006211300   -0.0005844100
  -0.0299503700   -0.0006171100    0.0005805300
  -0.0271698200   -0.0000025000   -0.0000042200

73   
 -0.0100000000000000   0.0000000000000000   0.0000000000000000
   0.0149947800   -0.0054607800   -0.0081256300
   0.0149800300    0.0055298700    0.0082504500
   0.0171017000    0.0000014900    0.0000028100
   0.0186522800    0.0003296000    0.0001444300
   0.0186504200   -0.0003252100   -0.0001501400
   0.0174457500   -0.0000025500    0.0000024900
   0.0187699400    0.0001242500    0.0002433000
   0.0187737000   -0.0001386900   -0.0002430100
   0.0174815800    0.0000039200    0.0000005800
   0.0183570200    0.0000713500    0.0000700700
   0.0183553000   -0.0000708500   -0.0000704100
   0.0179589100   -0.0000006100   -0.0000001900
   0.0187791700   -0.0002339900   -0.0001291500
   0.0187788600    0.0002322200    0.0001436900
   0.0174840400    0.0000016700   -0.0000019500
   0.0149769000    0.0079325300    0.0057648500
   0.0149632100   -0.0080536600   -0.0058389900
   0.0171011600   -0.0000032200   -0.0000017900
   0.0183585700   -0.0000685700   -0.0000746100
   0.0183596200    0.0000675300    0.0000729600
   0.0179628100    0.0000004100   -0.0000006900
   0.0186579100   -0.0001307400   -0.0003342500
   0.0186552100    0.0001361600    0.0003315600
   0.0174485300   -0.0000037900    0.0000021900
  -0.0009944100   -0.0015605300    0.0019517900
  -0.0009546000   -0.0030116600    0.0033283300
   0.0023147700   -0.0022770300    0.0026378800
   0.0007538600   -0.0028466900    0.0020014000
   0.0007588800   -0.0017114700    0.0032589900
   0.0028712400   -0.0022826400    0.0026346000
   0.0007587000   -0.0016655700    0.0032227200
   0.0007563600   -0.0028843900    0.0020407700
   0.0028699900   -0.0022834700    0.0026370600
   0.0008113400   -0.0035401300    0.0038503900
   0.0007907800   -0.0010107300    0.0014101200
   0.0027324900   -0.0022841200    0.0026333100
  -0.0485084300    0.0091373900   -0.0092012100
  -0.0451711500   -0.0037940800    0.0031844600
   0.0078230100    0.0022808500   -0.0026369200
  -0.0000109500    0.0019120200   -0.0026611300
  -0.0000118200    0.0026539100   -0.0026013000
   0.0032689000    0.0022852200   -0.0026361600
  -0.0000222900    0.0022969200   -0.0022606300
  -0.0000139800    0.0022605500   -0.0030160500
   0.0032626500    0.0022832400   -0.0026356500
   0.0010656600    0.0022842100   -0.0026451400
   0.0010710600    0.0022696000   -0.0026246100
   0.0019086000    0.0022796700   -0.0026342400
   0.0117342300    0.0039323900    0.0050043400
   0.0176988900    0.0012734300    0.0047143500
   0.0177054300    0.0064745700    0.0053222900
   0.0128443500    0.0038738900    0.0050098700
   0.0179501400    0.0064314500    0.0050694100
   0.0179517100    0.0012971900    0.0049569400
   0.0161365700    0.0038691600    0.0050166700
   0.0164224700    0.0036298300    0.0049481400
   0.0164210400    0.0041036000    0.0050793000
   0.0160652400    0.0038697900    0.0050102200
   0.0164525100    0.0040344500    0.0048959900
   0.0164513300    0.0037032700    0.0051345200
   0.0117175200   -0.0038581800   -0.0050805000
   0.0176994000   -0.0036663200   -0.0024115900
   0.0177066500   -0.0040734700   -0.0076256700
   0.0161384600   -0.0038675100   -0.0050129500
   0.0164263900   -0.0038092800   -0.0047721100
   0.0164256200   -0.0039302200   -0.0052583100
   0.0128474900   -0.0038603900   -0.0050155800
   0.0179497500   -0.0038282700   -0.0075758900
   0.0179520800   -0.0039128400   -0.0024496000
   0.0160666300   -0.0038664700   -0.0050179400
   0.0164526800   -0.0037435900   -0.0051770600
   0.0164496300   -0.0039886700   -0.0048477600
   0.1199221500   -0.0068121900    0.0068645800
  -0.0377497000   -0.0038406800    0.0040134000
  -0.0378667000   -0.0076863900    0.0077151300
  -0.0221359100   -0.0057715000    0.0058601300
  -0.0213609500   -0.0061901300    0.0057323500
  -0.0213609600   -0.0053308300    0.0059926400
  -0.0221358100   -0.0057598200    0.0058708600
  -0.0213642800   -0.0056475300    0.0062948200
  -0.0213501700   -0.0058776500    0.0054252600
  -0.0212158000   -0.0057618500    0.0058626900
  -0.0216723400   -0.0058169700    0.0059168500
  -0.0216713400   -0.0057038000    0.0058064800
  -0.0149877400    0.0058464800   -0.0059426800
  -0.0216602400    0.0067287900   -0.0067940400
  -0.0216497200    0.0047898300   -0.0049255800
  -0.0202601200    0.0057667200   -0.0058638500
  -0.0220395900    0.0054048300   -0.0064465800
  -0.0220342700    0.0061176900   -0.0052723900
  -0.0202666500    0.0057645100   -0.0058658900
  -0.0220345400    0.0063349100   -0.0054839100
  -0.0220407500    0.0051841900   -0.0062401400
  -0.0200471000    0.0057612300   -0.0058591400
  -0.0222495000    0.0054431100   -0.0055535000
  -0.0222452600    0.0060831100   -0.0061706300
  -0.0275882100   -0.0006079000    0.0006070600
  -0.0275803800    0.0005964200   -0.0005867500
  -0.0303610900   -0.0000069500   -0.0000073800
  -0.0297634400    0.0121431700   -0.0116961600
  -0.0298837200   -0.0119677500    0.0115279000
  -0.0305653400    0.0000019700   -0.0000031200
  -0.0284016300   -0.0000441900    0.0000433100
  -0.0284091300    0.0000561500   -0.0000545800
  -0.0292723700   -0.0000003200    0.0000001000
  -0.0275936300   -0.0006320000    0.0005908000
  -0.0275862700    0.0006095500   -0.0005797700
  -0.0303618000    0.0000085700    0.0000072900

97   
  0.0071274887435109   0.0070137626131896   0.0000777059646927
   0.0159611500    0.0084937200    0.0011065000
   0.0194548200    0.0007123300   -0.0006373500
   0.0185352200   -0.0000346800    0.0001598900
   0.0161685800    0.0085699400    0.0011372700
   0.0185249400   -0.0000331900    0.0001529600
   0.0194343700    0.0006993100   -0.0006321600
   0.0177241300    0.0001580100   -0.0000194900
   0.0185650500    0.0002482700    0.0001757400
   0.0183503600    0.0000534900   -0.0000345500
   0.0177265700    0.0001592200   -0.0000206900
   0.0183501400    0.0000561900   -0.0000367600
   0.0185628600    0.0002453600    0.0001738300
   0.0160713700   -0.0033154700   -0.0005278200
   0.0193852600   -0.0014211900    0.0006754100
   0.0186056100   -0.0005739900   -0.0000415700
   0.0177293500    0.0004913400   -0.0000620800
   0.0183384600    0.0003833400   -0.0000020500
   0.0185837400    0.0001755800   -0.0002000200
   0.0160748900   -0.0032802700   -0.0003450200
   0.0186075600   -0.0005958000   -0.0000428800
   0.0193714900   -0.0013929200    0.0006587400
   0.0177274700    0.0004926900   -0.0000605600
   0.0185858400    0.0001770700   -0.0002024300
   0.0183405100    0.0003789200    0.0000001800
   0.0036267400   -0.0017008200    0.0019982800
  -0.0007046700   -0.0017553300    0.0011067200
   0.0006357900   -0.0019631100    0.0026624600
   0.0023111200   -0.0027318600    0.0029283600
   0.0010268800   -0.0025570700    0.0027659900
   0.0008174700   -0.0024981500    0.0027111100
   0.0066635700    0.0198108200   -0.0137310300
  -0.0014844400   -0.0019446300    0.0034093900
   0.0010603400   -0.0008121900    0.0022962200
   0.0036146000   -0.0037858300    0.0024682000
   0.0004392500   -0.0024229500    0.0025192100
  -0.0004667000   -0.0039513700    0.0026686600
   0.0036285200    0.0007759200   -0.0028068700
  -0.0004811700    0.0006007700   -0.0025942400
   0.0004324500    0.0021500500   -0.0027442400
   0.0072530500    0.0242243400   -0.0186619200
   0.0010744600    0.0037650300   -0.0029713200
  -0.0014534300    0.0026151800   -0.0018744400
   0.0023138900    0.0018374600   -0.0023471300
   0.0008228600    0.0020610700   -0.0025548500
   0.0010268600    0.0020037100   -0.0024967400
   0.0036032300    0.0028584700   -0.0032789600
   0.0006550400    0.0025934500   -0.0026234700
  -0.0006809300    0.0027957800   -0.0041423700
   0.0211319100    0.0067480800    0.0043578800
   0.0151941700    0.0041941100    0.0050850700
   0.0200494700    0.0063666400    0.0039295600
   0.0171297800    0.0026021900    0.0047743100
   0.0158516100    0.0035456800    0.0050692600
   0.0160276100    0.0018799600    0.0053311300
   0.0160370600    0.0042794400    0.0062859500
   0.0158493700    0.0041447900    0.0049634300
   0.0171140200    0.0048640600    0.0055685900
   0.0165313000    0.0037470600    0.0053026600
   0.0159601100    0.0036057900    0.0049204800
   0.0165006600    0.0028266100    0.0043505800
   0.0165090100   -0.0049181800   -0.0056811600
   0.0159604300   -0.0041308400   -0.0051009400
   0.0165328400   -0.0039851000   -0.0047196400
   0.0171263100   -0.0028576000   -0.0044379200
   0.0158556200   -0.0035901600   -0.0050600700
   0.0160334700   -0.0034611400   -0.0037378900
   0.0160336700   -0.0058621100   -0.0046765900
   0.0158486900   -0.0041926600   -0.0049555000
   0.0171211500   -0.0051141400   -0.0052557600
   0.0201082800   -0.0015077300   -0.0062210300
   0.0151984500   -0.0035327300   -0.0049341500
   0.0200524900   -0.0017334000   -0.0064631700
  -0.0219407700   -0.0020568000    0.0061781500
  -0.0203846100   -0.0055464800    0.0058975100
  -0.0227862900   -0.0062722200    0.0061563600
  -0.0292359800   -0.0069858500    0.0054415600
  -0.0202330800   -0.0057357000    0.0056897400
  -0.0124373200   -0.0014488200    0.0001601000
  -0.0217280200   -0.0052415800    0.0052720300
  -0.0211745800   -0.0056932600    0.0058154100
  -0.0218035500   -0.0054689100    0.0054973700
  -0.0219194700   -0.0054343100    0.0055022500
  -0.0203903900   -0.0056861300    0.0059910100
  -0.0227889300   -0.0056144400    0.0096494400
  -0.0227891500    0.0059418300   -0.0020599800
  -0.0203683600    0.0058393500   -0.0057292900
  -0.0219414200    0.0060783400   -0.0062603100
  -0.0218029700    0.0060633700   -0.0062292900
  -0.0211607600    0.0058348300   -0.0059010900
  -0.0217099000    0.0062860400   -0.0064463100
  -0.0124159500    0.0102029700   -0.0117520400
  -0.0202157900    0.0057860300   -0.0060329000
  -0.0290520400    0.0045363400   -0.0062302500
  -0.0227752200    0.0053017400   -0.0055422800
  -0.0203869500    0.0059781300   -0.0058200300
  -0.0219606900    0.0094607000   -0.0055765600
  -0.0530523000   -0.0698738700    0.0421517200
  -0.0255098700   -0.0020600600   -0.0007802000
  -0.0255207900   -0.0020555800   -0.0007797800
  -0.0296275200    0.0014430300    0.0001602500
  -0.0283087100    0.0009546000    0.0001762300
  -0.0283079400    0.0009487600    0.0001847000
  -0.0296225900   -0.0014024300    0.0000871800
  -0.0283081500   -0.0011149400    0.0001285300
  -0.0283104300   -0.0011122800    0.0001187400
  -0.0297442200    0.0006620500   -0.0000759800
  -0.0282785200    0.0003754700    0.0000894100
  -0.0282787700    0.0003754400    0.0000914100

97   
 -0.0071274887435109  -0.0070137626131896  -0.0000777059646927
   0.0204484200   -0.0084208100   -0.0011042900
   0.0169988800   -0.0007119300    0.0006413100
   0.0179168000    0.0000339500   -0.0001557000
   0.0203151100   -0.0086488200   -0.0011366500
   0.0179184400    0.0000335100   -0.0001580100
   0.0170100500   -0.0007011900    0.0006307300
   0.0187241400   -0.0001570800    0.0000211800
   0.0178877900   -0.0002484300   -0.0001773100
   0.0181005800   -0.0000518700    0.0000381300
   0.0187261800   -0.0001609500    0.0000196700
   0.0180975500   -0.0000563100    0.0000382200
   0.0178834500   -0.0002481400   -0.0001732000
   0.0203826200    0.0033064700    0.0004975400
   0.0170758400    0.0014135600   -0.0006725400
   0.0178497600    0.0005825700    0.0000461500
   0.0187265500   -0.0004915500    0.0000627000
   0.0181176900   -0.0003833100    0.0000029500
   0.0178760700   -0.0001774800    0.0002018700
   0.0203862200    0.0032892100    0.0003750600
   0.0178474800    0.0005937800    0.0000431300
   0.0170783900    0.0013951400   -0.0006647800
   0.0187286100   -0.0004916000    0.0000605700
   0.0178716400   -0.0001753200    0.0002027500
   0.0181163200   -0.0003808400   -0.0000017700
  -0.0009145900   -0.0028565600    0.0032717600
   0.0034035400   -0.0028066600    0.0041546300
   0.0020681000   -0.0025886700    0.0026192700
   0.0004034200   -0.0018317100    0.0023405100
   0.0016877200   -0.0020022100    0.0024995500
   0.0018914600   -0.0020594300    0.0025526000
  -0.0041670200   -0.0239176400    0.0183670500
   0.0041856900   -0.0026097000    0.0018643700
   0.0016453700   -0.0037567400    0.0029692900
  -0.0009095800   -0.0007672700    0.0028037400
   0.0022689700   -0.0021453700    0.0027483700
   0.0031880900   -0.0006140600    0.0025952400
  -0.0009059700    0.0037848200   -0.0024618700
   0.0032026000    0.0039613900   -0.0026721400
   0.0022760200    0.0024128500   -0.0025232300
  -0.0043205100   -0.0201519200    0.0140617500
   0.0016401900    0.0007953700   -0.0022976900
   0.0041862800    0.0019496300   -0.0033955800
   0.0003893300    0.0027206600   -0.0029176600
   0.0018929900    0.0025021900   -0.0027133000
   0.0016917600    0.0025566800   -0.0027665600
  -0.0008956800    0.0016955300   -0.0019957900
   0.0020737800    0.0019665000   -0.0026483900
   0.0033963400    0.0017591200   -0.0011216600
   0.0118463300    0.0012113400    0.0059143600
   0.0174508100    0.0035365100    0.0049411200
   0.0126250800    0.0013872500    0.0061084600
   0.0155228400    0.0051311900    0.0052551500
   0.0167980100    0.0041897300    0.0049563300
   0.0166234600    0.0058571200    0.0046832600
   0.0166060500    0.0034593000    0.0037441800
   0.0167962700    0.0035901800    0.0050610700
   0.0155295200    0.0028603100    0.0044477000
   0.0161144800    0.0039842700    0.0047166400
   0.0166890000    0.0041304900    0.0051047100
   0.0161474900    0.0049123000    0.0056817300
   0.0161426900   -0.0028200500   -0.0043458700
   0.0166925000   -0.0036055500   -0.0049201600
   0.0161190400   -0.0037423800   -0.0053006000
   0.0155289000   -0.0048705400   -0.0055783100
   0.0167995800   -0.0041448200   -0.0049635800
   0.0166196300   -0.0042820800   -0.0062976500
   0.0166131100   -0.0018789000   -0.0053424300
   0.0167965500   -0.0035459200   -0.0050720700
   0.0155268300   -0.0026204600   -0.0047736300
   0.0125066900   -0.0062408500   -0.0038146400
   0.0174509000   -0.0041984200   -0.0050895200
   0.0122903500   -0.0062054600   -0.0037760900
  -0.0211029800   -0.0094697300    0.0055553700
  -0.0226700400   -0.0059807400    0.0058214400
  -0.0202640400   -0.0052727000    0.0055583800
  -0.0138471100   -0.0045299500    0.0062630100
  -0.0228191000   -0.0057882600    0.0060331400
  -0.0306707400   -0.0101225500    0.0116266900
  -0.0213134800   -0.0062853200    0.0064425700
  -0.0218879800   -0.0058370500    0.0059021200
  -0.0212456800   -0.0060598400    0.0062237000
  -0.0211219000   -0.0060926700    0.0062309000
  -0.0226685700   -0.0058413600    0.0057307300
  -0.0202495000   -0.0059254000    0.0020627700
  -0.0202526900    0.0055977300   -0.0096583600
  -0.0226632800    0.0056871800   -0.0059889100
  -0.0211065600    0.0054462800   -0.0054727800
  -0.0212449600    0.0054667600   -0.0054915900
  -0.0218803800    0.0056920500   -0.0058132500
  -0.0213170100    0.0052362500   -0.0052729900
  -0.0305918300    0.0013627200   -0.0000378500
  -0.0228143500    0.0057371200   -0.0056896100
  -0.0139607400    0.0069806800   -0.0054736100
  -0.0202609600    0.0062413400   -0.0061723900
  -0.0226546600    0.0055457300   -0.0058960800
  -0.0210948200    0.0020664200   -0.0061583700
  -0.0045726100    0.0699254700   -0.0422403000
  -0.0320079900    0.0020556900    0.0007812400
  -0.0320197200    0.0020619600    0.0007794000
  -0.0279069200   -0.0014404200   -0.0001623000
  -0.0292225000   -0.0009505000   -0.0001755100
  -0.0292217000   -0.0009568600   -0.0001829400
  -0.0279060800    0.0014044300   -0.0000893300
  -0.0292217000    0.0011119800   -0.0001265000
  -0.0292246200    0.0011128900   -0.0001184100
  -0.0277859000   -0.0006666800    0.0000809900
  -0.0292530900   -0.0003736000   -0.0000921400
  -0.0292527800   -0.0003729600   -0.0000913300
